t[s]          U[mV]
 3404          4170 
 3406          4167 
 3408          4164 
 3410          4161 
 3412          4158 
 3414          4158 
 3416          4155 
 3418          4155 
 3420          4155 
 3422          4152 
 3424          4152 
 3426          4152 
 3428          4152 
 3430          4152 
 3432          4152 
 3434          4149 
 3436          4149 
 3438          4149 
 3440          4149 
 3442          4149 
 3444          4149 
 3446          4149 
 3448          4149 
 3450          4146 
 3452          4146 
 3454          4146 
 3456          4146 
 3458          4146 
 3460          4146 
 3462          4146 
 3464          4146 
 3466          4146 
 3468          4146 
 3470          4146 
 3472          4146 
 3474          4146 
 3476          4146 
 3478          4146 
 3480          4143 
 3482          4143 
 3484          4143 
 3486          4143 
 3488          4143 
 3490          4143 
 3492          4143 
 3494          4143 
 3496          4143 
 3498          4143 
 3500          4143 
 3502          4143 
 3504          4143 
 3506          4143 
 3508          4143 
 3510          4143 
 3512          4143 
 3514          4143 
 3516          4143 
 3518          4143 
 3520          4143 
 3522          4140 
 3524          4143 
 3526          4143 
 3528          4140 
 3530          4140 
 3532          4140 
 3534          4140 
 3536          4140 
 3538          4140 
 3540          4140 
 3542          4140 
 3544          4140 
 3546          4140 
 3548          4140 
 3550          4140 
 3552          4140 
 3554          4140 
 3556          4140 
 3558          4140 
 3560          4140 
 3562          4140 
 3564          4140 
 3566          4140 
 3568          4140 
 3570          4140 
 3572          4140 
 3574          4140 
 3576          4140 
 3578          4140 
 3580          4140 
 3582          4140 
 3584          4140 
 3586          4140 
 3588          4140 
 3590          4140 
 3592          4140 
 3594          4140 
 3596          4140 
 3598          4140 
 3600          4140 
 3602          4140 
 3604          4140 
 3606          4140 
 3608          4140 
 3610          4137 
 3612          4140 
 3614          4137 
 3616          4140 
 3618          4137 
 3620          4140 
 3622          4140 
 3624          4140 
 3626          4137 
 3628          4137 
 3630          4137 
 3632          4137 
 3634          4137 
 3636          4137 
 3638          4137 
 3640          4137 
 3642          4137 
 3644          4137 
 3646          4137 
 3648          4137 
 3650          4137 
 3652          4137 
 3654          4137 
 3656          4137 
 3658          4137 
 3660          4137 
 3662          4137 
 3664          4137 
 3666          4137 
 3668          4137 
 3670          4137 
 3672          4137 
 3674          4137 
 3676          4137 
 3678          4137 
 3680          4137 
 3682          4137 
 3684          4137 
 3686          4137 
 3688          4137 
 3690          4137 
 3692          4137 
 3694          4137 
 3696          4137 
 3698          4137 
 3700          4137 
 3702          4137 
 3704          4137 
 3706          4137 
 3708          4137 
 3710          4137 
 3712          4137 
 3714          4137 
 3716          4137 
 3718          4137 
 3720          4137 
 3722          4137 
 3724          4137 
 3726          4137 
 3728          4137 
 3730          4137 
 3732          4137 
 3734          4137 
 3736          4137 
 3738          4137 
 3740          4137 
 3742          4137 
 3744          4137 
 3746          4137 
 3748          4137 
 3750          4137 
 3752          4134 
 3754          4134 
 3756          4134 
 3758          4137 
 3760          4137 
 3762          4137 
 3764          4134 
 3766          4137 
 3768          4137 
 3770          4137 
 3772          4134 
 3774          4137 
 3776          4134 
 3778          4137 
 3780          4134 
 3782          4137 
 3784          4137 
 3786          4134 
 3788          4134 
 3790          4134 
 3792          4134 
 3794          4134 
 3796          4134 
 3798          4137 
 3800          4134 
 3802          4137 
 3804          4137 
 3806          4134 
 3808          4134 
 3810          4134 
 3812          4134 
 3814          4134 
 3816          4134 
 3818          4134 
 3820          4134 
 3822          4134 
 3824          4134 
 3826          4134 
 3828          4134 
 3830          4134 
 3832          4134 
 3834          4134 
 3836          4134 
 3838          4134 
 3840          4134 
 3842          4134 
 3844          4134 
 3846          4134 
 3848          4134 
 3850          4134 
 3852          4134 
 3854          4134 
 3856          4134 
 3858          4134 
 3860          4134 
 3862          4134 
 3864          4134 
 3866          4134 
 3868          4134 
 3870          4134 
 3872          4134 
 3874          4134 
 3876          4134 
 3878          4134 
 3880          4134 
 3882          4134 
 3884          4134 
 3886          4134 
 3888          4134 
 3890          4134 
 3892          4134 
 3894          4134 
 3896          4134 
 3898          4134 
 3900          4134 
 3902          4134 
 3904          4134 
 3906          4134 
 3908          4134 
 3910          4134 
 3912          4134 
 3914          4134 
 3916          4134 
 3918          4134 
 3920          4134 
 3922          4134 
 3924          4134 
 3926          4134 
 3928          4134 
 3930          4134 
 3932          4134 
 3934          4134 
 3936          4134 
 3938          4134 
 3940          4134 
 3942          4134 
 3944          4134 
 3946          4134 
 3948          4134 
 3950          4134 
 3952          4134 
 3954          4134 
 3956          4134 
 3958          4134 
 3960          4134 
 3962          4134 
 3964          4134 
 3966          4134 
 3968          4134 
 3970          4134 
 3972          4134 
 3974          4134 
 3976          4134 
 3978          4134 
 3980          4134 
 3982          4134 
 3984          4134 
 3986          4134 
 3988          4134 
 3990          4134 
 3992          4134 
 3994          4134 
 3996          4134 
 3998          4134 
 4000          4134 
 4002          4134 
 4004          4134 
