t[s]          U[mV]
 0             2778 
 2             2901 
 4             2937 
 6             2970 
 8             3000 
 10            3024 
 12            3051 
 14            3075 
 16            3096 
 18            3120 
 20            3138 
 22            3156 
 24            3174 
 26            3192 
 28            3207 
 30            3222 
 32            3237 
 34            3249 
 36            3261 
 38            3273 
 40            3285 
 42            3297 
 44            3306 
 46            3315 
 48            3327 
 50            3333 
 52            3345 
 54            3354 
 56            3360 
 58            3369 
 60            3375 
 62            3384 
 64            3390 
 66            3396 
 68            3405 
 70            3411 
 72            3417 
 74            3423 
 76            3429 
 78            3435 
 80            3441 
 82            3447 
 84            3453 
 86            3459 
 88            3465 
 90            3468 
 92            3474 
 94            3480 
 96            3486 
 98            3489 
 100           3495 
 102           3498 
 104           3504 
 106           3507 
 108           3510 
 110           3516 
 112           3519 
 114           3525 
 116           3528 
 118           3531 
 120           3537 
 122           3540 
 124           3543 
 126           3546 
 128           3552 
 130           3555 
 132           3558 
 134           3564 
 136           3567 
 138           3570 
 140           3576 
 142           3579 
 144           3579 
 146           3585 
 148           3588 
 150           3591 
 152           3594 
 154           3597 
 156           3600 
 158           3603 
 160           3606 
 162           3609 
 164           3612 
 166           3615 
 168           3618 
 170           3621 
 172           3624 
 174           3624 
 176           3627 
 178           3630 
 180           3633 
 182           3636 
 184           3639 
 186           3642 
 188           3642 
 190           3645 
 192           3648 
 194           3651 
 196           3651 
 198           3654 
 200           3657 
 202           3657 
 204           3660 
 206           3663 
 208           3666 
 210           3669 
 212           3669 
 214           3672 
 216           3675 
 218           3675 
 220           3678 
 222           3681 
 224           3684 
 226           3684 
 228           3687 
 230           3690 
 232           3690 
 234           3693 
 236           3696 
 238           3696 
 240           3699 
 242           3699 
 244           3702 
 246           3705 
 248           3705 
 250           3708 
 252           3708 
 254           3711 
 256           3714 
 258           3714 
 260           3717 
 262           3717 
 264           3720 
 266           3720 
 268           3723 
 270           3726 
 272           3726 
 274           3729 
 276           3729 
 278           3732 
 280           3732 
 282           3735 
 284           3735 
 286           3738 
 288           3738 
 290           3741 
 292           3741 
 294           3741 
 296           3744 
 298           3744 
 300           3747 
 302           3747 
 304           3747 
 306           3750 
 308           3750 
 310           3750 
 312           3750 
 314           3753 
 316           3753 
 318           3753 
 320           3753 
 322           3756 
 324           3756 
 326           3756 
 328           3756 
 330           3756 
 332           3756 
 334           3756 
 336           3759 
 338           3756 
 340           3759 
 342           3759 
 344           3759 
 346           3759 
 348           3759 
 350           3759 
 352           3759 
 354           3762 
 356           3759 
 358           3759 
 360           3762 
 362           3762 
 364           3762 
 366           3762 
 368           3762 
 370           3762 
 372           3762 
 374           3762 
 376           3762 
 378           3762 
 380           3762 
 382           3762 
 384           3765 
 386           3765 
 388           3765 
 390           3765 
 392           3765 
 394           3765 
 396           3765 
 398           3765 
 400           3765 
 402           3765 
 404           3768 
 406           3765 
 408           3765 
 410           3765 
 412           3768 
 414           3768 
 416           3768 
 418           3768 
 420           3768 
 422           3768 
 424           3768 
 426           3768 
 428           3768 
 430           3768 
 432           3771 
 434           3771 
 436           3771 
 438           3771 
 440           3771 
 442           3771 
 444           3771 
 446           3771 
 448           3771 
 450           3771 
 452           3771 
 454           3774 
 456           3774 
 458           3774 
 460           3774 
 462           3774 
 464           3774 
 466           3774 
 468           3774 
 470           3774 
 472           3774 
 474           3774 
 476           3777 
 478           3777 
 480           3777 
 482           3777 
 484           3777 
 486           3777 
 488           3777 
 490           3780 
 492           3777 
 494           3780 
 496           3780 
 498           3780 
 500           3780 
 502           3780 
 504           3780 
 506           3783 
 508           3780 
 510           3783 
 512           3783 
 514           3783 
 516           3783 
 518           3783 
 520           3783 
 522           3783 
 524           3783 
 526           3786 
 528           3786 
 530           3783 
 532           3786 
 534           3786 
 536           3786 
 538           3786 
 540           3786 
 542           3786 
 544           3786 
 546           3789 
 548           3789 
 550           3789 
 552           3789 
 554           3789 
 556           3789 
 558           3792 
 560           3789 
 562           3792 
 564           3792 
 566           3792 
 568           3792 
 570           3792 
 572           3792 
 574           3792 
 576           3792 
 578           3795 
 580           3795 
 582           3795 
 584           3795 
 586           3795 
 588           3795 
 590           3795 
 592           3795 
 594           3795 
 596           3798 
 598           3798 
 600           3798 
 602           3798 
 604           3798 
 606           3798 
 608           3798 
 610           3798 
 612           3798 
 614           3801 
 616           3798 
 618           3801 
 620           3801 
 622           3801 
 624           3801 
 626           3801 
 628           3801 
 630           3801 
 632           3801 
 634           3804 
 636           3804 
 638           3804 
 640           3804 
 642           3804 
 644           3804 
 646           3804 
 648           3804 
 650           3807 
 652           3807 
 654           3807 
 656           3807 
 658           3807 
 660           3807 
 662           3807 
 664           3807 
 666           3807 
 668           3810 
 670           3810 
 672           3810 
 674           3810 
 676           3810 
 678           3810 
 680           3810 
 682           3810 
 684           3810 
 686           3810 
 688           3810 
 690           3813 
 692           3813 
 694           3813 
 696           3813 
 698           3813 
 700           3813 
 702           3813 
 704           3813 
 706           3813 
 708           3813 
 710           3816 
 712           3816 
 714           3816 
 716           3816 
 718           3816 
 720           3816 
 722           3816 
 724           3816 
 726           3816 
 728           3819 
 730           3819 
 732           3819 
 734           3819 
 736           3819 
 738           3819 
 740           3819 
 742           3819 
 744           3819 
 746           3819 
 748           3819 
 750           3822 
 752           3819 
 754           3822 
 756           3822 
 758           3822 
 760           3822 
 762           3822 
 764           3822 
 766           3822 
 768           3822 
 770           3822 
 772           3825 
 774           3825 
 776           3825 
 778           3825 
 780           3825 
 782           3825 
 784           3825 
 786           3825 
 788           3825 
 790           3825 
 792           3825 
 794           3828 
 796           3828 
 798           3828 
 800           3828 
 802           3828 
 804           3828 
 806           3828 
 808           3828 
 810           3828 
 812           3828 
 814           3831 
 816           3831 
 818           3831 
 820           3831 
 822           3831 
 824           3831 
 826           3831 
 828           3831 
 830           3831 
 832           3831 
 834           3831 
 836           3831 
 838           3831 
 840           3831 
 842           3834 
 844           3834 
 846           3834 
 848           3834 
 850           3834 
 852           3834 
 854           3834 
 856           3834 
 858           3834 
 860           3834 
 862           3837 
 864           3834 
 866           3837 
 868           3837 
 870           3837 
 872           3837 
 874           3837 
 876           3837 
 878           3837 
 880           3837 
 882           3837 
 884           3837 
 886           3837 
 888           3840 
 890           3840 
 892           3840 
 894           3840 
 896           3840 
 898           3840 
 900           3840 
 902           3840 
 904           3840 
 906           3840 
 908           3840 
 910           3843 
 912           3840 
 914           3843 
 916           3843 
 918           3843 
 920           3843 
 922           3843 
 924           3843 
 926           3843 
 928           3843 
 930           3843 
 932           3843 
 934           3843 
 936           3843 
 938           3843 
 940           3846 
 942           3846 
 944           3846 
 946           3846 
 948           3846 
 950           3846 
 952           3846 
 954           3846 
 956           3846 
 958           3846 
 960           3846 
 962           3846 
 964           3846 
 966           3846 
 968           3849 
 970           3849 
 972           3849 
 974           3849 
 976           3849 
 978           3849 
 980           3849 
 982           3849 
 984           3849 
 986           3849 
 988           3849 
 990           3849 
 992           3849 
 994           3849 
 996           3849 
 998           3849 
 1000          3849 
 1002          3852 
 1004          3849 
 1006          3852 
 1008          3852 
 1010          3852 
 1012          3852 
 1014          3852 
 1016          3852 
 1018          3852 
 1020          3852 
 1022          3852 
 1024          3852 
 1026          3852 
 1028          3852 
 1030          3852 
 1032          3852 
 1034          3852 
 1036          3855 
 1038          3855 
 1040          3852 
 1042          3852 
 1044          3855 
 1046          3855 
 1048          3852 
 1050          3855 
 1052          3855 
 1054          3855 
 1056          3855 
 1058          3855 
 1060          3855 
 1062          3855 
 1064          3855 
 1066          3855 
 1068          3855 
 1070          3855 
 1072          3855 
 1074          3855 
 1076          3855 
 1078          3855 
 1080          3855 
 1082          3855 
 1084          3855 
 1086          3855 
 1088          3858 
 1090          3858 
 1092          3858 
 1094          3858 
 1096          3858 
 1098          3858 
 1100          3858 
 1102          3858 
 1104          3858 
 1106          3858 
 1108          3858 
 1110          3858 
 1112          3858 
 1114          3858 
 1116          3858 
 1118          3858 
 1120          3858 
 1122          3858 
 1124          3858 
 1126          3858 
 1128          3858 
 1130          3858 
 1132          3858 
 1134          3858 
 1136          3858 
 1138          3858 
 1140          3858 
 1142          3861 
 1144          3858 
 1146          3858 
 1148          3858 
 1150          3861 
 1152          3861 
 1154          3858 
 1156          3861 
 1158          3861 
 1160          3858 
 1162          3861 
 1164          3861 
 1166          3861 
 1168          3861 
 1170          3861 
 1172          3861 
 1174          3861 
 1176          3861 
 1178          3861 
 1180          3861 
 1182          3861 
 1184          3861 
 1186          3861 
 1188          3861 
 1190          3861 
 1192          3861 
 1194          3861 
 1196          3861 
 1198          3861 
 1200          3861 
 1202          3861 
 1204          3861 
 1206          3861 
 1208          3861 
 1210          3861 
 1212          3864 
 1214          3864 
 1216          3861 
 1218          3864 
 1220          3864 
 1222          3864 
 1224          3864 
 1226          3864 
 1228          3864 
 1230          3864 
 1232          3864 
 1234          3864 
 1236          3864 
 1238          3864 
 1240          3864 
 1242          3864 
 1244          3864 
 1246          3864 
 1248          3864 
 1250          3864 
 1252          3864 
 1254          3864 
 1256          3864 
 1258          3864 
 1260          3864 
 1262          3864 
 1264          3864 
 1266          3864 
 1268          3864 
 1270          3864 
 1272          3864 
 1274          3864 
 1276          3864 
 1278          3864 
 1280          3864 
 1282          3864 
 1284          3867 
 1286          3867 
 1288          3864 
 1290          3867 
 1292          3867 
 1294          3867 
 1296          3867 
 1298          3867 
 1300          3867 
 1302          3867 
 1304          3867 
 1306          3867 
 1308          3867 
 1310          3867 
 1312          3867 
 1314          3867 
 1316          3867 
 1318          3867 
 1320          3867 
 1322          3867 
 1324          3867 
 1326          3867 
 1328          3867 
 1330          3867 
 1332          3867 
 1334          3867 
 1336          3867 
 1338          3867 
 1340          3867 
 1342          3867 
 1344          3867 
 1346          3867 
 1348          3867 
 1350          3870 
 1352          3870 
 1354          3870 
 1356          3870 
 1358          3870 
 1360          3870 
 1362          3870 
 1364          3870 
 1366          3870 
 1368          3870 
 1370          3870 
 1372          3870 
 1374          3870 
 1376          3870 
 1378          3870 
 1380          3870 
 1382          3870 
 1384          3870 
 1386          3870 
 1388          3870 
 1390          3870 
 1392          3870 
 1394          3870 
 1396          3870 
 1398          3870 
 1400          3870 
 1402          3873 
 1404          3873 
 1406          3870 
 1408          3873 
 1410          3870 
 1412          3873 
 1414          3873 
 1416          3873 
 1418          3873 
 1420          3873 
 1422          3873 
 1424          3873 
 1426          3873 
 1428          3873 
 1430          3873 
 1432          3873 
 1434          3873 
 1436          3873 
 1438          3873 
 1440          3873 
 1442          3873 
 1444          3873 
 1446          3873 
 1448          3873 
 1450          3873 
 1452          3873 
 1454          3876 
 1456          3873 
 1458          3873 
 1460          3873 
 1462          3873 
 1464          3876 
 1466          3876 
 1468          3876 
 1470          3876 
 1472          3876 
 1474          3876 
 1476          3876 
 1478          3876 
 1480          3876 
 1482          3876 
 1484          3876 
 1486          3876 
 1488          3876 
 1490          3876 
 1492          3876 
 1494          3876 
 1496          3876 
 1498          3876 
 1500          3876 
 1502          3879 
 1504          3876 
 1506          3879 
 1508          3879 
 1510          3879 
 1512          3879 
 1514          3879 
 1516          3879 
 1518          3879 
 1520          3879 
 1522          3879 
 1524          3879 
 1526          3879 
 1528          3879 
 1530          3879 
 1532          3879 
 1534          3879 
 1536          3879 
 1538          3879 
 1540          3879 
 1542          3882 
 1544          3882 
 1546          3882 
 1548          3879 
 1550          3882 
 1552          3882 
 1554          3882 
 1556          3882 
 1558          3882 
 1560          3882 
 1562          3882 
 1564          3882 
 1566          3882 
 1568          3882 
 1570          3882 
 1572          3882 
 1574          3882 
 1576          3882 
 1578          3882 
 1580          3882 
 1582          3882 
 1584          3882 
 1586          3882 
 1588          3885 
 1590          3885 
 1592          3885 
 1594          3885 
 1596          3885 
 1598          3885 
 1600          3885 
 1602          3885 
 1604          3885 
 1606          3885 
 1608          3885 
 1610          3885 
 1612          3885 
 1614          3885 
 1616          3885 
 1618          3885 
 1620          3885 
 1622          3888 
 1624          3888 
 1626          3888 
 1628          3888 
 1630          3888 
 1632          3888 
 1634          3888 
 1636          3888 
 1638          3888 
 1640          3888 
 1642          3888 
 1644          3888 
 1646          3888 
 1648          3888 
 1650          3888 
 1652          3888 
 1654          3891 
 1656          3888 
 1658          3891 
 1660          3891 
 1662          3891 
 1664          3891 
 1666          3891 
 1668          3891 
 1670          3891 
 1672          3891 
 1674          3891 
 1676          3891 
 1678          3891 
 1680          3891 
 1682          3891 
 1684          3891 
 1686          3891 
 1688          3891 
 1690          3891 
 1692          3894 
 1694          3894 
 1696          3894 
 1698          3894 
 1700          3894 
 1702          3894 
 1704          3894 
 1706          3894 
 1708          3894 
 1710          3894 
 1712          3894 
 1714          3894 
 1716          3894 
 1718          3894 
 1720          3894 
 1722          3897 
 1724          3897 
 1726          3897 
 1728          3897 
 1730          3897 
 1732          3897 
 1734          3897 
 1736          3897 
 1738          3897 
 1740          3897 
 1742          3897 
 1744          3897 
 1746          3897 
 1748          3897 
 1750          3897 
 1752          3900 
 1754          3900 
 1756          3900 
 1758          3900 
 1760          3900 
 1762          3900 
 1764          3900 
 1766          3900 
 1768          3900 
 1770          3900 
 1772          3900 
 1774          3900 
 1776          3900 
 1778          3903 
 1780          3903 
 1782          3900 
 1784          3903 
 1786          3903 
 1788          3903 
 1790          3903 
 1792          3903 
 1794          3903 
 1796          3903 
 1798          3903 
 1800          3903 
 1802          3903 
 1804          3903 
 1806          3903 
 1808          3906 
 1810          3906 
 1812          3906 
 1814          3906 
 1816          3906 
 1818          3906 
 1820          3906 
 1822          3906 
 1824          3906 
 1826          3906 
 1828          3906 
 1830          3909 
 1832          3906 
 1834          3909 
 1836          3909 
 1838          3909 
 1840          3909 
 1842          3909 
 1844          3909 
 1846          3909 
 1848          3909 
 1850          3909 
 1852          3909 
 1854          3909 
 1856          3912 
 1858          3912 
 1860          3912 
 1862          3912 
 1864          3912 
 1866          3912 
 1868          3912 
 1870          3912 
 1872          3912 
 1874          3912 
 1876          3912 
 1878          3912 
 1880          3915 
 1882          3915 
 1884          3912 
 1886          3915 
 1888          3915 
 1890          3915 
 1892          3915 
 1894          3915 
 1896          3915 
 1898          3915 
 1900          3915 
 1902          3915 
 1904          3915 
 1906          3915 
 1908          3918 
 1910          3918 
 1912          3918 
 1914          3918 
 1916          3918 
 1918          3918 
 1920          3918 
 1922          3918 
 1924          3918 
 1926          3918 
 1928          3921 
 1930          3921 
 1932          3921 
 1934          3921 
 1936          3921 
 1938          3921 
 1940          3921 
 1942          3921 
 1944          3921 
 1946          3921 
 1948          3921 
 1950          3921 
 1952          3924 
 1954          3924 
 1956          3924 
 1958          3924 
 1960          3924 
 1962          3924 
 1964          3924 
 1966          3924 
 1968          3924 
 1970          3924 
 1972          3924 
 1974          3924 
 1976          3927 
 1978          3927 
 1980          3927 
 1982          3927 
 1984          3927 
 1986          3927 
 1988          3927 
 1990          3927 
 1992          3927 
 1994          3930 
 1996          3930 
 1998          3930 
 2000          3930 
 2002          3930 
 2004          3930 
 2006          3930 
 2008          3930 
 2010          3930 
 2012          3930 
 2014          3930 
 2016          3933 
 2018          3933 
 2020          3933 
 2022          3933 
 2024          3933 
 2026          3933 
 2028          3933 
 2030          3933 
 2032          3933 
 2034          3933 
 2036          3933 
 2038          3933 
 2040          3936 
 2042          3936 
 2044          3936 
 2046          3936 
 2048          3936 
 2050          3936 
 2052          3936 
 2054          3936 
 2056          3936 
 2058          3936 
 2060          3939 
 2062          3939 
 2064          3939 
 2066          3939 
 2068          3939 
 2070          3939 
 2072          3939 
 2074          3939 
 2076          3942 
 2078          3942 
 2080          3939 
 2082          3942 
 2084          3942 
 2086          3942 
 2088          3942 
 2090          3942 
 2092          3942 
 2094          3942 
 2096          3942 
 2098          3942 
 2100          3945 
 2102          3945 
 2104          3945 
 2106          3945 
 2108          3945 
 2110          3945 
 2112          3945 
 2114          3945 
 2116          3945 
 2118          3948 
 2120          3948 
 2122          3948 
 2124          3945 
 2126          3948 
 2128          3948 
 2130          3948 
 2132          3948 
 2134          3948 
 2136          3948 
 2138          3948 
 2140          3951 
 2142          3951 
 2144          3951 
 2146          3951 
 2148          3951 
 2150          3951 
 2152          3951 
 2154          3951 
 2156          3951 
 2158          3951 
 2160          3951 
 2162          3951 
 2164          3954 
 2166          3954 
 2168          3954 
 2170          3954 
 2172          3954 
 2174          3954 
 2176          3954 
 2178          3954 
 2180          3954 
 2182          3954 
 2184          3957 
 2186          3957 
 2188          3957 
 2190          3957 
 2192          3957 
 2194          3957 
 2196          3957 
 2198          3957 
 2200          3957 
 2202          3957 
 2204          3960 
 2206          3960 
 2208          3960 
 2210          3960 
 2212          3960 
 2214          3960 
 2216          3960 
 2218          3960 
 2220          3960 
 2222          3960 
 2224          3963 
 2226          3963 
 2228          3963 
 2230          3963 
 2232          3963 
 2234          3963 
 2236          3963 
 2238          3963 
 2240          3963 
 2242          3963 
 2244          3963 
 2246          3963 
 2248          3966 
 2250          3966 
 2252          3966 
 2254          3966 
 2256          3966 
 2258          3966 
 2260          3966 
 2262          3966 
 2264          3966 
 2266          3969 
 2268          3966 
 2270          3969 
 2272          3969 
 2274          3969 
 2276          3969 
 2278          3969 
 2280          3969 
 2282          3969 
 2284          3969 
 2286          3972 
 2288          3969 
 2290          3972 
 2292          3972 
 2294          3972 
 2296          3972 
 2298          3972 
 2300          3972 
 2302          3972 
 2304          3972 
 2306          3975 
 2308          3972 
 2310          3975 
 2312          3975 
 2314          3975 
 2316          3975 
 2318          3975 
 2320          3975 
 2322          3975 
 2324          3975 
 2326          3978 
 2328          3975 
 2330          3975 
 2332          3978 
 2334          3978 
 2336          3978 
 2338          3978 
 2340          3978 
 2342          3978 
 2344          3978 
 2346          3978 
 2348          3981 
 2350          3981 
 2352          3981 
 2354          3981 
 2356          3981 
 2358          3981 
 2360          3981 
 2362          3981 
 2364          3981 
 2366          3984 
 2368          3984 
 2370          3984 
 2372          3984 
 2374          3984 
 2376          3984 
 2378          3984 
 2380          3984 
 2382          3984 
 2384          3984 
 2386          3984 
 2388          3984 
 2390          3987 
 2392          3987 
 2394          3987 
 2396          3987 
 2398          3987 
 2400          3987 
 2402          3987 
 2404          3987 
 2406          3987 
 2408          3990 
 2410          3990 
 2412          3990 
 2414          3990 
 2416          3990 
 2418          3990 
 2420          3990 
 2422          3990 
 2424          3990 
 2426          3993 
 2428          3993 
 2430          3993 
 2432          3993 
 2434          3993 
 2436          3993 
 2438          3993 
 2440          3993 
 2442          3993 
 2444          3993 
 2446          3996 
 2448          3996 
 2450          3996 
 2452          3996 
 2454          3996 
 2456          3996 
 2458          3996 
 2460          3996 
 2462          3996 
 2464          3996 
 2466          3999 
 2468          3999 
 2470          3999 
 2472          3999 
 2474          3999 
 2476          3999 
 2478          3999 
 2480          3999 
 2482          3999 
 2484          4002 
 2486          4002 
 2488          4002 
 2490          4002 
 2492          4002 
 2494          4002 
 2496          4002 
 2498          4002 
 2500          4005 
 2502          4002 
 2504          4002 
 2506          4005 
 2508          4005 
 2510          4005 
 2512          4005 
 2514          4005 
 2516          4005 
 2518          4005 
 2520          4005 
 2522          4008 
 2524          4008 
 2526          4008 
 2528          4008 
 2530          4008 
 2532          4008 
 2534          4008 
 2536          4008 
 2538          4008 
 2540          4011 
 2542          4011 
 2544          4011 
 2546          4011 
 2548          4011 
 2550          4011 
 2552          4011 
 2554          4011 
 2556          4011 
 2558          4014 
 2560          4014 
 2562          4014 
 2564          4014 
 2566          4014 
 2568          4014 
 2570          4014 
 2572          4014 
 2574          4014 
 2576          4017 
 2578          4014 
 2580          4017 
 2582          4017 
 2584          4017 
 2586          4017 
 2588          4017 
 2590          4017 
 2592          4017 
 2594          4017 
 2596          4020 
 2598          4020 
 2600          4020 
 2602          4020 
 2604          4020 
 2606          4020 
 2608          4020 
 2610          4020 
 2612          4020 
 2614          4023 
 2616          4023 
 2618          4023 
 2620          4023 
 2622          4023 
 2624          4023 
 2626          4023 
 2628          4023 
 2630          4023 
 2632          4023 
 2634          4023 
 2636          4026 
 2638          4026 
 2640          4026 
 2642          4026 
 2644          4026 
 2646          4026 
 2648          4026 
 2650          4026 
 2652          4026 
 2654          4026 
 2656          4029 
 2658          4026 
 2660          4029 
 2662          4029 
 2664          4029 
 2666          4029 
 2668          4029 
 2670          4029 
 2672          4029 
 2674          4029 
 2676          4029 
 2678          4029 
 2680          4029 
 2682          4032 
 2684          4032 
 2686          4032 
 2688          4032 
 2690          4032 
 2692          4032 
 2694          4032 
 2696          4032 
 2698          4032 
 2700          4032 
 2702          4032 
 2704          4032 
 2706          4032 
 2708          4032 
 2710          4032 
 2712          4035 
 2714          4035 
 2716          4035 
 2718          4035 
 2720          4035 
 2722          4035 
 2724          4035 
 2726          4035 
 2728          4035 
 2730          4035 
 2732          4035 
 2734          4035 
 2736          4035 
 2738          4038 
 2740          4038 
 2742          4038 
 2744          4038 
 2746          4038 
 2748          4038 
 2750          4038 
 2752          4038 
 2754          4038 
 2756          4038 
 2758          4038 
 2760          4041 
 2762          4041 
 2764          4041 
 2766          4041 
 2768          4041 
 2770          4041 
 2772          4041 
 2774          4041 
 2776          4041 
 2778          4044 
 2780          4044 
 2782          4044 
 2784          4044 
 2786          4044 
 2788          4044 
 2790          4044 
 2792          4044 
 2794          4044 
 2796          4047 
 2798          4047 
 2800          4047 
 2802          4047 
 2804          4047 
 2806          4047 
 2808          4047 
 2810          4047 
 2812          4047 
 2814          4047 
 2816          4050 
 2818          4050 
 2820          4050 
 2822          4050 
 2824          4050 
 2826          4050 
 2828          4050 
 2830          4050 
 2832          4050 
 2834          4053 
 2836          4053 
 2838          4053 
 2840          4053 
 2842          4053 
 2844          4053 
 2846          4053 
 2848          4053 
 2850          4056 
 2852          4056 
 2854          4056 
 2856          4056 
 2858          4056 
 2860          4056 
 2862          4056 
 2864          4056 
 2866          4059 
 2868          4059 
 2870          4059 
 2872          4059 
 2874          4059 
 2876          4059 
 2878          4059 
 2880          4062 
 2882          4062 
 2884          4062 
 2886          4062 
 2888          4062 
 2890          4062 
 2892          4062 
 2894          4065 
 2896          4065 
 2898          4065 
 2900          4065 
 2902          4065 
 2904          4065 
 2906          4065 
 2908          4065 
 2910          4068 
 2912          4068 
 2914          4068 
 2916          4068 
 2918          4068 
 2920          4071 
 2922          4071 
 2924          4071 
 2926          4071 
 2928          4071 
 2930          4074 
 2932          4071 
 2934          4074 
 2936          4074 
 2938          4074 
 2940          4074 
 2942          4074 
 2944          4077 
 2946          4077 
 2948          4077 
 2950          4077 
 2952          4077 
 2954          4080 
 2956          4080 
 2958          4080 
 2960          4080 
 2962          4080 
 2964          4080 
 2966          4083 
 2968          4083 
 2970          4083 
 2972          4083 
 2974          4083 
 2976          4086 
 2978          4086 
 2980          4086 
 2982          4086 
 2984          4086 
 2986          4086 
 2988          4089 
 2990          4089 
 2992          4089 
 2994          4089 
 2996          4089 
 2998          4092 
 3000          4092 
 3002          4092 
 3004          4095 
 3006          4095 
 3008          4095 
 3010          4095 
 3012          4095 
 3014          4098 
 3016          4098 
 3018          4098 
 3020          4098 
 3022          4101 
 3024          4098 
 3026          4101 
 3028          4101 
 3030          4101 
 3032          4104 
 3034          4104 
 3036          4104 
 3038          4104 
 3040          4107 
 3042          4107 
 3044          4107 
 3046          4107 
 3048          4107 
 3050          4110 
 3052          4110 
 3054          4110 
 3056          4110 
 3058          4113 
 3060          4113 
 3062          4113 
 3064          4113 
 3066          4116 
 3068          4116 
 3070          4116 
 3072          4116 
 3074          4116 
 3076          4119 
 3078          4119 
 3080          4119 
 3082          4119 
 3084          4122 
 3086          4122 
 3088          4122 
 3090          4122 
 3092          4122 
 3094          4125 
 3096          4125 
 3098          4125 
 3100          4125 
 3102          4128 
 3104          4128 
 3106          4128 
 3108          4128 
 3110          4128 
 3112          4131 
 3114          4131 
 3116          4131 
 3118          4131 
 3120          4134 
 3122          4134 
 3124          4134 
 3126          4134 
 3128          4134 
 3130          4134 
 3132          4137 
 3134          4137 
 3136          4137 
 3138          4137 
 3140          4140 
 3142          4137 
 3144          4140 
 3146          4140 
 3148          4140 
 3150          4140 
 3152          4143 
 3154          4143 
 3156          4143 
 3158          4143 
 3160          4143 
 3162          4143 
 3164          4146 
 3166          4146 
 3168          4146 
 3170          4146 
 3172          4146 
 3174          4146 
 3176          4146 
 3178          4149 
 3180          4149 
 3182          4149 
 3184          4149 
 3186          4149 
 3188          4149 
 3190          4149 
 3192          4149 
 3194          4152 
 3196          4152 
 3198          4152 
 3200          4152 
 3202          4152 
 3204          4152 
 3206          4152 
 3208          4152 
 3210          4155 
 3212          4155 
 3214          4155 
 3216          4155 
 3218          4155 
 3220          4155 
 3222          4155 
 3224          4155 
 3226          4155 
 3228          4158 
 3230          4158 
 3232          4158 
 3234          4158 
 3236          4158 
 3238          4158 
 3240          4158 
 3242          4161 
 3244          4161 
 3246          4161 
 3248          4161 
 3250          4161 
 3252          4161 
 3254          4161 
 3256          4164 
 3258          4164 
 3260          4164 
 3262          4164 
 3264          4164 
 3266          4164 
 3268          4164 
 3270          4167 
 3272          4167 
 3274          4167 
 3276          4167 
 3278          4167 
 3280          4167 
 3282          4167 
 3284          4170 
 3286          4170 
 3288          4170 
 3290          4170 
 3292          4170 
 3294          4170 
 3296          4173 
 3298          4173 
 3300          4173 
 3302          4173 
 3304          4173 
 3306          4173 
 3308          4176 
 3310          4176 
 3312          4176 
 3314          4176 
 3316          4176 
 3318          4176 
 3320          4179 
 3322          4179 
 3324          4179 
 3326          4179 
 3328          4179 
 3330          4179 
 3332          4182 
 3334          4182 
 3336          4182 
 3338          4182 
 3340          4182 
 3342          4182 
 3344          4185 
 3346          4185 
 3348          4185 
 3350          4185 
 3352          4185 
 3354          4188 
 3356          4188 
 3358          4188 
 3360          4188 
 3362          4188 
 3364          4191 
 3366          4191 
 3368          4191 
 3370          4191 
 3372          4191 
 3374          4191 
 3376          4194 
 3378          4194 
 3380          4194 
 3382          4194 
 3384          4194 
 3386          4197 
 3388          4197 
 3390          4197 
 3392          4197 
 3394          4200 
 3396          4200 
 3398          4200 
 3400          4200 
 3402          4203 
