t[s]          U[mV]
 0             2778 
 2             2901 
 4             2937 
 6             2970 
 8             3000 
 10            3024 
 12            3051 
 14            3075 
 16            3096 
 18            3120 
 20            3138 
 22            3156 
 24            3174 
 26            3192 
 28            3207 
 30            3222 
 32            3237 
 34            3249 
 36            3261 
 38            3273 
 40            3285 
 42            3297 
 44            3306 
 46            3315 
 48            3327 
 50            3333 
 52            3345 
 54            3354 
 56            3360 
 58            3369 
 60            3375 
 62            3384 
 64            3390 
 66            3396 
 68            3405 
 70            3411 
 72            3417 
 74            3423 
 76            3429 
 78            3435 
 80            3441 
 82            3447 
 84            3453 
 86            3459 
 88            3465 
 90            3468 
 92            3474 
 94            3480 
 96            3486 
 98            3489 
 100           3495 
 102           3498 
 104           3504 
 106           3507 
 108           3510 
 110           3516 
 112           3519 
 114           3525 
 116           3528 
 118           3531 
 120           3537 
 122           3540 
 124           3543 
 126           3546 
 128           3552 
 130           3555 
 132           3558 
 134           3564 
 136           3567 
 138           3570 
 140           3576 
 142           3579 
 144           3579 
 146           3585 
 148           3588 
 150           3591 
 152           3594 
 154           3597 
 156           3600 
 158           3603 
 160           3606 
 162           3609 
 164           3612 
 166           3615 
 168           3618 
 170           3621 
 172           3624 
 174           3624 
 176           3627 
 178           3630 
 180           3633 
 182           3636 
 184           3639 
 186           3642 
 188           3642 
 190           3645 
 192           3648 
 194           3651 
 196           3651 
 198           3654 
 200           3657 
 202           3657 
 204           3660 
 206           3663 
 208           3666 
 210           3669 
 212           3669 
 214           3672 
 216           3675 
 218           3675 
 220           3678 
 222           3681 
 224           3684 
 226           3684 
 228           3687 
 230           3690 
 232           3690 
 234           3693 
 236           3696 
 238           3696 
 240           3699 
 242           3699 
 244           3702 
 246           3705 
 248           3705 
 250           3708 
 252           3708 
 254           3711 
 256           3714 
 258           3714 
 260           3717 
 262           3717 
 264           3720 
 266           3720 
 268           3723 
 270           3726 
 272           3726 
 274           3729 
 276           3729 
 278           3732 
 280           3732 
 282           3735 
 284           3735 
 286           3738 
 288           3738 
 290           3741 
 292           3741 
 294           3741 
 296           3744 
 298           3744 
 300           3747 
 302           3747 
 304           3747 
 306           3750 
 308           3750 
 310           3750 
 312           3750 
 314           3753 
 316           3753 
 318           3753 
 320           3753 
 322           3756 
 324           3756 
 326           3756 
 328           3756 
 330           3756 
 332           3756 
 334           3756 
 336           3759 
 338           3756 
 340           3759 
 342           3759 
 344           3759 
 346           3759 
 348           3759 
 350           3759 
 352           3759 
 354           3762 
 356           3759 
 358           3759 
 360           3762 
 362           3762 
 364           3762 
 366           3762 
 368           3762 
 370           3762 
 372           3762 
 374           3762 
 376           3762 
 378           3762 
 380           3762 
 382           3762 
 384           3765 
 386           3765 
 388           3765 
 390           3765 
 392           3765 
 394           3765 
 396           3765 
 398           3765 
 400           3765 
 402           3765 
 404           3768 
 406           3765 
 408           3765 
 410           3765 
 412           3768 
 414           3768 
 416           3768 
 418           3768 
 420           3768 
 422           3768 
 424           3768 
 426           3768 
 428           3768 
 430           3768 
 432           3771 
 434           3771 
 436           3771 
 438           3771 
 440           3771 
 442           3771 
 444           3771 
 446           3771 
 448           3771 
 450           3771 
 452           3771 
 454           3774 
 456           3774 
 458           3774 
 460           3774 
 462           3774 
 464           3774 
 466           3774 
 468           3774 
 470           3774 
 472           3774 
 474           3774 
 476           3777 
 478           3777 
 480           3777 
 482           3777 
 484           3777 
 486           3777 
 488           3777 
 490           3780 
 492           3777 
 494           3780 
 496           3780 
 498           3780 
 500           3780 
 502           3780 
 504           3780 
 506           3783 
 508           3780 
 510           3783 
 512           3783 
 514           3783 
 516           3783 
 518           3783 
 520           3783 
 522           3783 
 524           3783 
 526           3786 
 528           3786 
 530           3783 
 532           3786 
 534           3786 
 536           3786 
 538           3786 
 540           3786 
 542           3786 
 544           3786 
 546           3789 
 548           3789 
 550           3789 
 552           3789 
 554           3789 
 556           3789 
 558           3792 
 560           3789 
 562           3792 
 564           3792 
 566           3792 
 568           3792 
 570           3792 
 572           3792 
 574           3792 
 576           3792 
 578           3795 
 580           3795 
 582           3795 
 584           3795 
 586           3795 
 588           3795 
 590           3795 
 592           3795 
 594           3795 
 596           3798 
 598           3798 
 600           3798 
 602           3798 
 604           3798 
 606           3798 
 608           3798 
 610           3798 
 612           3798 
 614           3801 
 616           3798 
 618           3801 
 620           3801 
 622           3801 
 624           3801 
 626           3801 
 628           3801 
 630           3801 
 632           3801 
 634           3804 
 636           3804 
 638           3804 
 640           3804 
 642           3804 
 644           3804 
 646           3804 
 648           3804 
 650           3807 
 652           3807 
 654           3807 
 656           3807 
 658           3807 
 660           3807 
 662           3807 
 664           3807 
 666           3807 
 668           3810 
 670           3810 
 672           3810 
 674           3810 
 676           3810 
 678           3810 
 680           3810 
 682           3810 
 684           3810 
 686           3810 
 688           3810 
 690           3813 
 692           3813 
 694           3813 
 696           3813 
 698           3813 
 700           3813 
 702           3813 
 704           3813 
 706           3813 
 708           3813 
 710           3816 
 712           3816 
 714           3816 
 716           3816 
 718           3816 
 720           3816 
 722           3816 
 724           3816 
 726           3816 
 728           3819 
 730           3819 
 732           3819 
 734           3819 
 736           3819 
 738           3819 
 740           3819 
 742           3819 
 744           3819 
 746           3819 
 748           3819 
 750           3822 
 752           3819 
 754           3822 
 756           3822 
 758           3822 
 760           3822 
 762           3822 
 764           3822 
 766           3822 
 768           3822 
 770           3822 
 772           3825 
 774           3825 
 776           3825 
 778           3825 
 780           3825 
 782           3825 
 784           3825 
 786           3825 
 788           3825 
 790           3825 
 792           3825 
 794           3828 
 796           3828 
 798           3828 
 800           3828 
 802           3828 
 804           3828 
 806           3828 
 808           3828 
 810           3828 
 812           3828 
 814           3831 
 816           3831 
 818           3831 
 820           3831 
 822           3831 
 824           3831 
 826           3831 
 828           3831 
 830           3831 
 832           3831 
 834           3831 
 836           3831 
 838           3831 
 840           3831 
 842           3834 
 844           3834 
 846           3834 
 848           3834 
 850           3834 
 852           3834 
 854           3834 
 856           3834 
 858           3834 
 860           3834 
 862           3837 
 864           3834 
 866           3837 
 868           3837 
 870           3837 
 872           3837 
 874           3837 
 876           3837 
 878           3837 
 880           3837 
 882           3837 
 884           3837 
 886           3837 
 888           3840 
 890           3840 
 892           3840 
 894           3840 
 896           3840 
 898           3840 
 900           3840 
 902           3840 
 904           3840 
 906           3840 
 908           3840 
 910           3843 
 912           3840 
 914           3843 
 916           3843 
 918           3843 
 920           3843 
 922           3843 
 924           3843 
 926           3843 
 928           3843 
 930           3843 
 932           3843 
 934           3843 
 936           3843 
 938           3843 
 940           3846 
 942           3846 
 944           3846 
 946           3846 
 948           3846 
 950           3846 
 952           3846 
 954           3846 
 956           3846 
 958           3846 
 960           3846 
 962           3846 
 964           3846 
 966           3846 
 968           3849 
 970           3849 
 972           3849 
 974           3849 
 976           3849 
 978           3849 
 980           3849 
 982           3849 
 984           3849 
 986           3849 
 988           3849 
 990           3849 
 992           3849 
 994           3849 
 996           3849 
 998           3849 
 1000          3849 
 1002          3852 
 1004          3849 
 1006          3852 
 1008          3852 
 1010          3852 
 1012          3852 
 1014          3852 
 1016          3852 
 1018          3852 
 1020          3852 
 1022          3852 
 1024          3852 
 1026          3852 
 1028          3852 
 1030          3852 
 1032          3852 
 1034          3852 
 1036          3855 
 1038          3855 
 1040          3852 
 1042          3852 
 1044          3855 
 1046          3855 
 1048          3852 
 1050          3855 
 1052          3855 
 1054          3855 
 1056          3855 
 1058          3855 
 1060          3855 
 1062          3855 
 1064          3855 
 1066          3855 
 1068          3855 
 1070          3855 
 1072          3855 
 1074          3855 
 1076          3855 
 1078          3855 
 1080          3855 
 1082          3855 
 1084          3855 
 1086          3855 
 1088          3858 
 1090          3858 
 1092          3858 
 1094          3858 
 1096          3858 
 1098          3858 
 1100          3858 
 1102          3858 
 1104          3858 
 1106          3858 
 1108          3858 
 1110          3858 
 1112          3858 
 1114          3858 
 1116          3858 
 1118          3858 
 1120          3858 
 1122          3858 
 1124          3858 
 1126          3858 
 1128          3858 
 1130          3858 
 1132          3858 
 1134          3858 
 1136          3858 
 1138          3858 
 1140          3858 
 1142          3861 
 1144          3858 
 1146          3858 
 1148          3858 
 1150          3861 
 1152          3861 
 1154          3858 
 1156          3861 
 1158          3861 
 1160          3858 
 1162          3861 
 1164          3861 
 1166          3861 
 1168          3861 
 1170          3861 
 1172          3861 
 1174          3861 
 1176          3861 
 1178          3861 
 1180          3861 
 1182          3861 
 1184          3861 
 1186          3861 
 1188          3861 
 1190          3861 
 1192          3861 
 1194          3861 
 1196          3861 
 1198          3861 
 1200          3861 
 1202          3861 
 1204          3861 
 1206          3861 
 1208          3861 
 1210          3861 
 1212          3864 
 1214          3864 
 1216          3861 
 1218          3864 
 1220          3864 
 1222          3864 
 1224          3864 
 1226          3864 
 1228          3864 
 1230          3864 
 1232          3864 
 1234          3864 
 1236          3864 
 1238          3864 
 1240          3864 
 1242          3864 
 1244          3864 
 1246          3864 
 1248          3864 
 1250          3864 
 1252          3864 
 1254          3864 
 1256          3864 
 1258          3864 
 1260          3864 
 1262          3864 
 1264          3864 
 1266          3864 
 1268          3864 
 1270          3864 
 1272          3864 
 1274          3864 
 1276          3864 
 1278          3864 
 1280          3864 
 1282          3864 
 1284          3867 
 1286          3867 
 1288          3864 
 1290          3867 
 1292          3867 
 1294          3867 
 1296          3867 
 1298          3867 
 1300          3867 
 1302          3867 
 1304          3867 
 1306          3867 
 1308          3867 
 1310          3867 
 1312          3867 
 1314          3867 
 1316          3867 
 1318          3867 
 1320          3867 
 1322          3867 
 1324          3867 
 1326          3867 
 1328          3867 
 1330          3867 
 1332          3867 
 1334          3867 
 1336          3867 
 1338          3867 
 1340          3867 
 1342          3867 
 1344          3867 
 1346          3867 
 1348          3867 
 1350          3870 
 1352          3870 
 1354          3870 
 1356          3870 
 1358          3870 
 1360          3870 
 1362          3870 
 1364          3870 
 1366          3870 
 1368          3870 
 1370          3870 
 1372          3870 
 1374          3870 
 1376          3870 
 1378          3870 
 1380          3870 
 1382          3870 
 1384          3870 
 1386          3870 
 1388          3870 
 1390          3870 
 1392          3870 
 1394          3870 
 1396          3870 
 1398          3870 
 1400          3870 
 1402          3873 
 1404          3873 
 1406          3870 
 1408          3873 
 1410          3870 
 1412          3873 
 1414          3873 
 1416          3873 
 1418          3873 
 1420          3873 
 1422          3873 
 1424          3873 
 1426          3873 
 1428          3873 
 1430          3873 
 1432          3873 
 1434          3873 
 1436          3873 
 1438          3873 
 1440          3873 
 1442          3873 
 1444          3873 
 1446          3873 
 1448          3873 
 1450          3873 
 1452          3873 
 1454          3876 
 1456          3873 
 1458          3873 
 1460          3873 
 1462          3873 
 1464          3876 
 1466          3876 
 1468          3876 
 1470          3876 
 1472          3876 
 1474          3876 
 1476          3876 
 1478          3876 
 1480          3876 
 1482          3876 
 1484          3876 
 1486          3876 
 1488          3876 
 1490          3876 
 1492          3876 
 1494          3876 
 1496          3876 
 1498          3876 
 1500          3876 
 1502          3879 
 1504          3876 
 1506          3879 
 1508          3879 
 1510          3879 
 1512          3879 
 1514          3879 
 1516          3879 
 1518          3879 
 1520          3879 
 1522          3879 
 1524          3879 
 1526          3879 
 1528          3879 
 1530          3879 
 1532          3879 
 1534          3879 
 1536          3879 
 1538          3879 
 1540          3879 
 1542          3882 
 1544          3882 
 1546          3882 
 1548          3879 
 1550          3882 
 1552          3882 
 1554          3882 
 1556          3882 
 1558          3882 
 1560          3882 
 1562          3882 
 1564          3882 
 1566          3882 
 1568          3882 
 1570          3882 
 1572          3882 
 1574          3882 
 1576          3882 
 1578          3882 
 1580          3882 
 1582          3882 
 1584          3882 
 1586          3882 
 1588          3885 
 1590          3885 
 1592          3885 
 1594          3885 
 1596          3885 
 1598          3885 
 1600          3885 
 1602          3885 
 1604          3885 
 1606          3885 
 1608          3885 
 1610          3885 
 1612          3885 
 1614          3885 
 1616          3885 
 1618          3885 
 1620          3885 
 1622          3888 
 1624          3888 
 1626          3888 
 1628          3888 
 1630          3888 
 1632          3888 
 1634          3888 
 1636          3888 
 1638          3888 
 1640          3888 
 1642          3888 
 1644          3888 
 1646          3888 
 1648          3888 
 1650          3888 
 1652          3888 
 1654          3891 
 1656          3888 
 1658          3891 
 1660          3891 
 1662          3891 
 1664          3891 
 1666          3891 
 1668          3891 
 1670          3891 
 1672          3891 
 1674          3891 
 1676          3891 
 1678          3891 
 1680          3891 
 1682          3891 
 1684          3891 
 1686          3891 
 1688          3891 
 1690          3891 
 1692          3894 
 1694          3894 
 1696          3894 
 1698          3894 
 1700          3894 
 1702          3894 
 1704          3894 
 1706          3894 
 1708          3894 
 1710          3894 
 1712          3894 
 1714          3894 
 1716          3894 
 1718          3894 
 1720          3894 
 1722          3897 
 1724          3897 
 1726          3897 
 1728          3897 
 1730          3897 
 1732          3897 
 1734          3897 
 1736          3897 
 1738          3897 
 1740          3897 
 1742          3897 
 1744          3897 
 1746          3897 
 1748          3897 
 1750          3897 
 1752          3900 
 1754          3900 
 1756          3900 
 1758          3900 
 1760          3900 
 1762          3900 
 1764          3900 
 1766          3900 
 1768          3900 
 1770          3900 
 1772          3900 
 1774          3900 
 1776          3900 
 1778          3903 
 1780          3903 
 1782          3900 
 1784          3903 
 1786          3903 
 1788          3903 
 1790          3903 
 1792          3903 
 1794          3903 
 1796          3903 
 1798          3903 
 1800          3903 
 1802          3903 
 1804          3903 
 1806          3903 
 1808          3906 
 1810          3906 
 1812          3906 
 1814          3906 
 1816          3906 
 1818          3906 
 1820          3906 
 1822          3906 
 1824          3906 
 1826          3906 
 1828          3906 
 1830          3909 
 1832          3906 
 1834          3909 
 1836          3909 
 1838          3909 
 1840          3909 
 1842          3909 
 1844          3909 
 1846          3909 
 1848          3909 
 1850          3909 
 1852          3909 
 1854          3909 
 1856          3912 
 1858          3912 
 1860          3912 
 1862          3912 
 1864          3912 
 1866          3912 
 1868          3912 
 1870          3912 
 1872          3912 
 1874          3912 
 1876          3912 
 1878          3912 
 1880          3915 
 1882          3915 
 1884          3912 
 1886          3915 
 1888          3915 
 1890          3915 
 1892          3915 
 1894          3915 
 1896          3915 
 1898          3915 
 1900          3915 
 1902          3915 
 1904          3915 
 1906          3915 
 1908          3918 
 1910          3918 
 1912          3918 
 1914          3918 
 1916          3918 
 1918          3918 
 1920          3918 
 1922          3918 
 1924          3918 
 1926          3918 
 1928          3921 
 1930          3921 
 1932          3921 
 1934          3921 
 1936          3921 
 1938          3921 
 1940          3921 
 1942          3921 
 1944          3921 
 1946          3921 
 1948          3921 
 1950          3921 
 1952          3924 
 1954          3924 
 1956          3924 
 1958          3924 
 1960          3924 
 1962          3924 
 1964          3924 
 1966          3924 
 1968          3924 
 1970          3924 
 1972          3924 
 1974          3924 
 1976          3927 
 1978          3927 
 1980          3927 
 1982          3927 
 1984          3927 
 1986          3927 
 1988          3927 
 1990          3927 
 1992          3927 
 1994          3930 
 1996          3930 
 1998          3930 
 2000          3930 
 2002          3930 
 2004          3930 
 2006          3930 
 2008          3930 
 2010          3930 
 2012          3930 
 2014          3930 
 2016          3933 
 2018          3933 
 2020          3933 
 2022          3933 
 2024          3933 
 2026          3933 
 2028          3933 
 2030          3933 
 2032          3933 
 2034          3933 
 2036          3933 
 2038          3933 
 2040          3936 
 2042          3936 
 2044          3936 
 2046          3936 
 2048          3936 
 2050          3936 
 2052          3936 
 2054          3936 
 2056          3936 
 2058          3936 
 2060          3939 
 2062          3939 
 2064          3939 
 2066          3939 
 2068          3939 
 2070          3939 
 2072          3939 
 2074          3939 
 2076          3942 
 2078          3942 
 2080          3939 
 2082          3942 
 2084          3942 
 2086          3942 
 2088          3942 
 2090          3942 
 2092          3942 
 2094          3942 
 2096          3942 
 2098          3942 
 2100          3945 
 2102          3945 
 2104          3945 
 2106          3945 
 2108          3945 
 2110          3945 
 2112          3945 
 2114          3945 
 2116          3945 
 2118          3948 
 2120          3948 
 2122          3948 
 2124          3945 
 2126          3948 
 2128          3948 
 2130          3948 
 2132          3948 
 2134          3948 
 2136          3948 
 2138          3948 
 2140          3951 
 2142          3951 
 2144          3951 
 2146          3951 
 2148          3951 
 2150          3951 
 2152          3951 
 2154          3951 
 2156          3951 
 2158          3951 
 2160          3951 
 2162          3951 
 2164          3954 
 2166          3954 
 2168          3954 
 2170          3954 
 2172          3954 
 2174          3954 
 2176          3954 
 2178          3954 
 2180          3954 
 2182          3954 
 2184          3957 
 2186          3957 
 2188          3957 
 2190          3957 
 2192          3957 
 2194          3957 
 2196          3957 
 2198          3957 
 2200          3957 
 2202          3957 
 2204          3960 
 2206          3960 
 2208          3960 
 2210          3960 
 2212          3960 
 2214          3960 
 2216          3960 
 2218          3960 
 2220          3960 
 2222          3960 
 2224          3963 
 2226          3963 
 2228          3963 
 2230          3963 
 2232          3963 
 2234          3963 
 2236          3963 
 2238          3963 
 2240          3963 
 2242          3963 
 2244          3963 
 2246          3963 
 2248          3966 
 2250          3966 
 2252          3966 
 2254          3966 
 2256          3966 
 2258          3966 
 2260          3966 
 2262          3966 
 2264          3966 
 2266          3969 
 2268          3966 
 2270          3969 
 2272          3969 
 2274          3969 
 2276          3969 
 2278          3969 
 2280          3969 
 2282          3969 
 2284          3969 
 2286          3972 
 2288          3969 
 2290          3972 
 2292          3972 
 2294          3972 
 2296          3972 
 2298          3972 
 2300          3972 
 2302          3972 
 2304          3972 
 2306          3975 
 2308          3972 
 2310          3975 
 2312          3975 
 2314          3975 
 2316          3975 
 2318          3975 
 2320          3975 
 2322          3975 
 2324          3975 
 2326          3978 
 2328          3975 
 2330          3975 
 2332          3978 
 2334          3978 
 2336          3978 
 2338          3978 
 2340          3978 
 2342          3978 
 2344          3978 
 2346          3978 
 2348          3981 
 2350          3981 
 2352          3981 
 2354          3981 
 2356          3981 
 2358          3981 
 2360          3981 
 2362          3981 
 2364          3981 
 2366          3984 
 2368          3984 
 2370          3984 
 2372          3984 
 2374          3984 
 2376          3984 
 2378          3984 
 2380          3984 
 2382          3984 
 2384          3984 
 2386          3984 
 2388          3984 
 2390          3987 
 2392          3987 
 2394          3987 
 2396          3987 
 2398          3987 
 2400          3987 
 2402          3987 
 2404          3987 
 2406          3987 
 2408          3990 
 2410          3990 
 2412          3990 
 2414          3990 
 2416          3990 
 2418          3990 
 2420          3990 
 2422          3990 
 2424          3990 
 2426          3993 
 2428          3993 
 2430          3993 
 2432          3993 
 2434          3993 
 2436          3993 
 2438          3993 
 2440          3993 
 2442          3993 
 2444          3993 
 2446          3996 
 2448          3996 
 2450          3996 
 2452          3996 
 2454          3996 
 2456          3996 
 2458          3996 
 2460          3996 
 2462          3996 
 2464          3996 
 2466          3999 
 2468          3999 
 2470          3999 
 2472          3999 
 2474          3999 
 2476          3999 
 2478          3999 
 2480          3999 
 2482          3999 
 2484          4002 
 2486          4002 
 2488          4002 
 2490          4002 
 2492          4002 
 2494          4002 
 2496          4002 
 2498          4002 
 2500          4005 
 2502          4002 
 2504          4002 
 2506          4005 
 2508          4005 
 2510          4005 
 2512          4005 
 2514          4005 
 2516          4005 
 2518          4005 
 2520          4005 
 2522          4008 
 2524          4008 
 2526          4008 
 2528          4008 
 2530          4008 
 2532          4008 
 2534          4008 
 2536          4008 
 2538          4008 
 2540          4011 
 2542          4011 
 2544          4011 
 2546          4011 
 2548          4011 
 2550          4011 
 2552          4011 
 2554          4011 
 2556          4011 
 2558          4014 
 2560          4014 
 2562          4014 
 2564          4014 
 2566          4014 
 2568          4014 
 2570          4014 
 2572          4014 
 2574          4014 
 2576          4017 
 2578          4014 
 2580          4017 
 2582          4017 
 2584          4017 
 2586          4017 
 2588          4017 
 2590          4017 
 2592          4017 
 2594          4017 
 2596          4020 
 2598          4020 
 2600          4020 
 2602          4020 
 2604          4020 
 2606          4020 
 2608          4020 
 2610          4020 
 2612          4020 
 2614          4023 
 2616          4023 
 2618          4023 
 2620          4023 
 2622          4023 
 2624          4023 
 2626          4023 
 2628          4023 
 2630          4023 
 2632          4023 
 2634          4023 
 2636          4026 
 2638          4026 
 2640          4026 
 2642          4026 
 2644          4026 
 2646          4026 
 2648          4026 
 2650          4026 
 2652          4026 
 2654          4026 
 2656          4029 
 2658          4026 
 2660          4029 
 2662          4029 
 2664          4029 
 2666          4029 
 2668          4029 
 2670          4029 
 2672          4029 
 2674          4029 
 2676          4029 
 2678          4029 
 2680          4029 
 2682          4032 
 2684          4032 
 2686          4032 
 2688          4032 
 2690          4032 
 2692          4032 
 2694          4032 
 2696          4032 
 2698          4032 
 2700          4032 
 2702          4032 
 2704          4032 
 2706          4032 
 2708          4032 
 2710          4032 
 2712          4035 
 2714          4035 
 2716          4035 
 2718          4035 
 2720          4035 
 2722          4035 
 2724          4035 
 2726          4035 
 2728          4035 
 2730          4035 
 2732          4035 
 2734          4035 
 2736          4035 
 2738          4038 
 2740          4038 
 2742          4038 
 2744          4038 
 2746          4038 
 2748          4038 
 2750          4038 
 2752          4038 
 2754          4038 
 2756          4038 
 2758          4038 
 2760          4041 
 2762          4041 
 2764          4041 
 2766          4041 
 2768          4041 
 2770          4041 
 2772          4041 
 2774          4041 
 2776          4041 
 2778          4044 
 2780          4044 
 2782          4044 
 2784          4044 
 2786          4044 
 2788          4044 
 2790          4044 
 2792          4044 
 2794          4044 
 2796          4047 
 2798          4047 
 2800          4047 
 2802          4047 
 2804          4047 
 2806          4047 
 2808          4047 
 2810          4047 
 2812          4047 
 2814          4047 
 2816          4050 
 2818          4050 
 2820          4050 
 2822          4050 
 2824          4050 
 2826          4050 
 2828          4050 
 2830          4050 
 2832          4050 
 2834          4053 
 2836          4053 
 2838          4053 
 2840          4053 
 2842          4053 
 2844          4053 
 2846          4053 
 2848          4053 
 2850          4056 
 2852          4056 
 2854          4056 
 2856          4056 
 2858          4056 
 2860          4056 
 2862          4056 
 2864          4056 
 2866          4059 
 2868          4059 
 2870          4059 
 2872          4059 
 2874          4059 
 2876          4059 
 2878          4059 
 2880          4062 
 2882          4062 
 2884          4062 
 2886          4062 
 2888          4062 
 2890          4062 
 2892          4062 
 2894          4065 
 2896          4065 
 2898          4065 
 2900          4065 
 2902          4065 
 2904          4065 
 2906          4065 
 2908          4065 
 2910          4068 
 2912          4068 
 2914          4068 
 2916          4068 
 2918          4068 
 2920          4071 
 2922          4071 
 2924          4071 
 2926          4071 
 2928          4071 
 2930          4074 
 2932          4071 
 2934          4074 
 2936          4074 
 2938          4074 
 2940          4074 
 2942          4074 
 2944          4077 
 2946          4077 
 2948          4077 
 2950          4077 
 2952          4077 
 2954          4080 
 2956          4080 
 2958          4080 
 2960          4080 
 2962          4080 
 2964          4080 
 2966          4083 
 2968          4083 
 2970          4083 
 2972          4083 
 2974          4083 
 2976          4086 
 2978          4086 
 2980          4086 
 2982          4086 
 2984          4086 
 2986          4086 
 2988          4089 
 2990          4089 
 2992          4089 
 2994          4089 
 2996          4089 
 2998          4092 
 3000          4092 
 3002          4092 
 3004          4095 
 3006          4095 
 3008          4095 
 3010          4095 
 3012          4095 
 3014          4098 
 3016          4098 
 3018          4098 
 3020          4098 
 3022          4101 
 3024          4098 
 3026          4101 
 3028          4101 
 3030          4101 
 3032          4104 
 3034          4104 
 3036          4104 
 3038          4104 
 3040          4107 
 3042          4107 
 3044          4107 
 3046          4107 
 3048          4107 
 3050          4110 
 3052          4110 
 3054          4110 
 3056          4110 
 3058          4113 
 3060          4113 
 3062          4113 
 3064          4113 
 3066          4116 
 3068          4116 
 3070          4116 
 3072          4116 
 3074          4116 
 3076          4119 
 3078          4119 
 3080          4119 
 3082          4119 
 3084          4122 
 3086          4122 
 3088          4122 
 3090          4122 
 3092          4122 
 3094          4125 
 3096          4125 
 3098          4125 
 3100          4125 
 3102          4128 
 3104          4128 
 3106          4128 
 3108          4128 
 3110          4128 
 3112          4131 
 3114          4131 
 3116          4131 
 3118          4131 
 3120          4134 
 3122          4134 
 3124          4134 
 3126          4134 
 3128          4134 
 3130          4134 
 3132          4137 
 3134          4137 
 3136          4137 
 3138          4137 
 3140          4140 
 3142          4137 
 3144          4140 
 3146          4140 
 3148          4140 
 3150          4140 
 3152          4143 
 3154          4143 
 3156          4143 
 3158          4143 
 3160          4143 
 3162          4143 
 3164          4146 
 3166          4146 
 3168          4146 
 3170          4146 
 3172          4146 
 3174          4146 
 3176          4146 
 3178          4149 
 3180          4149 
 3182          4149 
 3184          4149 
 3186          4149 
 3188          4149 
 3190          4149 
 3192          4149 
 3194          4152 
 3196          4152 
 3198          4152 
 3200          4152 
 3202          4152 
 3204          4152 
 3206          4152 
 3208          4152 
 3210          4155 
 3212          4155 
 3214          4155 
 3216          4155 
 3218          4155 
 3220          4155 
 3222          4155 
 3224          4155 
 3226          4155 
 3228          4158 
 3230          4158 
 3232          4158 
 3234          4158 
 3236          4158 
 3238          4158 
 3240          4158 
 3242          4161 
 3244          4161 
 3246          4161 
 3248          4161 
 3250          4161 
 3252          4161 
 3254          4161 
 3256          4164 
 3258          4164 
 3260          4164 
 3262          4164 
 3264          4164 
 3266          4164 
 3268          4164 
 3270          4167 
 3272          4167 
 3274          4167 
 3276          4167 
 3278          4167 
 3280          4167 
 3282          4167 
 3284          4170 
 3286          4170 
 3288          4170 
 3290          4170 
 3292          4170 
 3294          4170 
 3296          4173 
 3298          4173 
 3300          4173 
 3302          4173 
 3304          4173 
 3306          4173 
 3308          4176 
 3310          4176 
 3312          4176 
 3314          4176 
 3316          4176 
 3318          4176 
 3320          4179 
 3322          4179 
 3324          4179 
 3326          4179 
 3328          4179 
 3330          4179 
 3332          4182 
 3334          4182 
 3336          4182 
 3338          4182 
 3340          4182 
 3342          4182 
 3344          4185 
 3346          4185 
 3348          4185 
 3350          4185 
 3352          4185 
 3354          4188 
 3356          4188 
 3358          4188 
 3360          4188 
 3362          4188 
 3364          4191 
 3366          4191 
 3368          4191 
 3370          4191 
 3372          4191 
 3374          4191 
 3376          4194 
 3378          4194 
 3380          4194 
 3382          4194 
 3384          4194 
 3386          4197 
 3388          4197 
 3390          4197 
 3392          4197 
 3394          4200 
 3396          4200 
 3398          4200 
 3400          4200 
 3402          4203 
 3404          4170 
 3406          4167 
 3408          4164 
 3410          4161 
 3412          4158 
 3414          4158 
 3416          4155 
 3418          4155 
 3420          4155 
 3422          4152 
 3424          4152 
 3426          4152 
 3428          4152 
 3430          4152 
 3432          4152 
 3434          4149 
 3436          4149 
 3438          4149 
 3440          4149 
 3442          4149 
 3444          4149 
 3446          4149 
 3448          4149 
 3450          4146 
 3452          4146 
 3454          4146 
 3456          4146 
 3458          4146 
 3460          4146 
 3462          4146 
 3464          4146 
 3466          4146 
 3468          4146 
 3470          4146 
 3472          4146 
 3474          4146 
 3476          4146 
 3478          4146 
 3480          4143 
 3482          4143 
 3484          4143 
 3486          4143 
 3488          4143 
 3490          4143 
 3492          4143 
 3494          4143 
 3496          4143 
 3498          4143 
 3500          4143 
 3502          4143 
 3504          4143 
 3506          4143 
 3508          4143 
 3510          4143 
 3512          4143 
 3514          4143 
 3516          4143 
 3518          4143 
 3520          4143 
 3522          4140 
 3524          4143 
 3526          4143 
 3528          4140 
 3530          4140 
 3532          4140 
 3534          4140 
 3536          4140 
 3538          4140 
 3540          4140 
 3542          4140 
 3544          4140 
 3546          4140 
 3548          4140 
 3550          4140 
 3552          4140 
 3554          4140 
 3556          4140 
 3558          4140 
 3560          4140 
 3562          4140 
 3564          4140 
 3566          4140 
 3568          4140 
 3570          4140 
 3572          4140 
 3574          4140 
 3576          4140 
 3578          4140 
 3580          4140 
 3582          4140 
 3584          4140 
 3586          4140 
 3588          4140 
 3590          4140 
 3592          4140 
 3594          4140 
 3596          4140 
 3598          4140 
 3600          4140 
 3602          4140 
 3604          4140 
 3606          4140 
 3608          4140 
 3610          4137 
 3612          4140 
 3614          4137 
 3616          4140 
 3618          4137 
 3620          4140 
 3622          4140 
 3624          4140 
 3626          4137 
 3628          4137 
 3630          4137 
 3632          4137 
 3634          4137 
 3636          4137 
 3638          4137 
 3640          4137 
 3642          4137 
 3644          4137 
 3646          4137 
 3648          4137 
 3650          4137 
 3652          4137 
 3654          4137 
 3656          4137 
 3658          4137 
 3660          4137 
 3662          4137 
 3664          4137 
 3666          4137 
 3668          4137 
 3670          4137 
 3672          4137 
 3674          4137 
 3676          4137 
 3678          4137 
 3680          4137 
 3682          4137 
 3684          4137 
 3686          4137 
 3688          4137 
 3690          4137 
 3692          4137 
 3694          4137 
 3696          4137 
 3698          4137 
 3700          4137 
 3702          4137 
 3704          4137 
 3706          4137 
 3708          4137 
 3710          4137 
 3712          4137 
 3714          4137 
 3716          4137 
 3718          4137 
 3720          4137 
 3722          4137 
 3724          4137 
 3726          4137 
 3728          4137 
 3730          4137 
 3732          4137 
 3734          4137 
 3736          4137 
 3738          4137 
 3740          4137 
 3742          4137 
 3744          4137 
 3746          4137 
 3748          4137 
 3750          4137 
 3752          4134 
 3754          4134 
 3756          4134 
 3758          4137 
 3760          4137 
 3762          4137 
 3764          4134 
 3766          4137 
 3768          4137 
 3770          4137 
 3772          4134 
 3774          4137 
 3776          4134 
 3778          4137 
 3780          4134 
 3782          4137 
 3784          4137 
 3786          4134 
 3788          4134 
 3790          4134 
 3792          4134 
 3794          4134 
 3796          4134 
 3798          4137 
 3800          4134 
 3802          4137 
 3804          4137 
 3806          4134 
 3808          4134 
 3810          4134 
 3812          4134 
 3814          4134 
 3816          4134 
 3818          4134 
 3820          4134 
 3822          4134 
 3824          4134 
 3826          4134 
 3828          4134 
 3830          4134 
 3832          4134 
 3834          4134 
 3836          4134 
 3838          4134 
 3840          4134 
 3842          4134 
 3844          4134 
 3846          4134 
 3848          4134 
 3850          4134 
 3852          4134 
 3854          4134 
 3856          4134 
 3858          4134 
 3860          4134 
 3862          4134 
 3864          4134 
 3866          4134 
 3868          4134 
 3870          4134 
 3872          4134 
 3874          4134 
 3876          4134 
 3878          4134 
 3880          4134 
 3882          4134 
 3884          4134 
 3886          4134 
 3888          4134 
 3890          4134 
 3892          4134 
 3894          4134 
 3896          4134 
 3898          4134 
 3900          4134 
 3902          4134 
 3904          4134 
 3906          4134 
 3908          4134 
 3910          4134 
 3912          4134 
 3914          4134 
 3916          4134 
 3918          4134 
 3920          4134 
 3922          4134 
 3924          4134 
 3926          4134 
 3928          4134 
 3930          4134 
 3932          4134 
 3934          4134 
 3936          4134 
 3938          4134 
 3940          4134 
 3942          4134 
 3944          4134 
 3946          4134 
 3948          4134 
 3950          4134 
 3952          4134 
 3954          4134 
 3956          4134 
 3958          4134 
 3960          4134 
 3962          4134 
 3964          4134 
 3966          4134 
 3968          4134 
 3970          4134 
 3972          4134 
 3974          4134 
 3976          4134 
 3978          4134 
 3980          4134 
 3982          4134 
 3984          4134 
 3986          4134 
 3988          4134 
 3990          4134 
 3992          4134 
 3994          4134 
 3996          4134 
 3998          4134 
 4000          4134 
 4002          4134 
 4004          4134 
 4006          4104 
 4008          4101 
 4010          4098 
 4012          4095 
 4014          4092 
 4016          4092 
 4018          4089 
 4020          4089 
 4022          4086 
 4024          4086 
 4026          4086 
 4028          4086 
 4030          4083 
 4032          4083 
 4034          4083 
 4036          4083 
 4038          4080 
 4040          4080 
 4042          4080 
 4044          4077 
 4046          4077 
 4048          4077 
 4050          4077 
 4052          4077 
 4054          4077 
 4056          4074 
 4058          4074 
 4060          4074 
 4062          4074 
 4064          4074 
 4066          4074 
 4068          4071 
 4070          4071 
 4072          4071 
 4074          4071 
 4076          4068 
 4078          4068 
 4080          4068 
 4082          4068 
 4084          4068 
 4086          4068 
 4088          4065 
 4090          4065 
 4092          4065 
 4094          4065 
 4096          4065 
 4098          4065 
 4100          4062 
 4102          4062 
 4104          4062 
 4106          4062 
 4108          4062 
 4110          4062 
 4112          4059 
 4114          4059 
 4116          4059 
 4118          4059 
 4120          4059 
 4122          4059 
 4124          4056 
 4126          4056 
 4128          4056 
 4130          4056 
 4132          4056 
 4134          4056 
 4136          4053 
 4138          4053 
 4140          4053 
 4142          4053 
 4144          4053 
 4146          4053 
 4148          4050 
 4150          4050 
 4152          4050 
 4154          4050 
 4156          4050 
 4158          4050 
 4160          4050 
 4162          4047 
 4164          4050 
 4166          4047 
 4168          4047 
 4170          4047 
 4172          4047 
 4174          4047 
 4176          4047 
 4178          4047 
 4180          4044 
 4182          4044 
 4184          4044 
 4186          4044 
 4188          4044 
 4190          4044 
 4192          4041 
 4194          4044 
 4196          4041 
 4198          4041 
 4200          4041 
 4202          4041 
 4204          4041 
 4206          4041 
 4208          4041 
 4210          4041 
 4212          4038 
 4214          4038 
 4216          4038 
 4218          4038 
 4220          4038 
 4222          4038 
 4224          4038 
 4226          4038 
 4228          4035 
 4230          4038 
 4232          4035 
 4234          4035 
 4236          4035 
 4238          4035 
 4240          4035 
 4242          4035 
 4244          4035 
 4246          4035 
 4248          4035 
 4250          4032 
 4252          4032 
 4254          4032 
 4256          4032 
 4258          4032 
 4260          4032 
 4262          4032 
 4264          4032 
 4266          4032 
 4268          4032 
 4270          4029 
 4272          4029 
 4274          4029 
 4276          4029 
 4278          4029 
 4280          4029 
 4282          4029 
 4284          4029 
 4286          4029 
 4288          4026 
 4290          4026 
 4292          4026 
 4294          4026 
 4296          4026 
 4298          4026 
 4300          4023 
 4302          4023 
 4304          4023 
 4306          4023 
 4308          4023 
 4310          4023 
 4312          4020 
 4314          4020 
 4316          4020 
 4318          4020 
 4320          4020 
 4322          4020 
 4324          4017 
 4326          4017 
 4328          4017 
 4330          4017 
 4332          4017 
 4334          4014 
 4336          4014 
 4338          4014 
 4340          4014 
 4342          4014 
 4344          4011 
 4346          4011 
 4348          4011 
 4350          4011 
 4352          4008 
 4354          4008 
 4356          4008 
 4358          4008 
 4360          4008 
 4362          4008 
 4364          4005 
 4366          4005 
 4368          4005 
 4370          4005 
 4372          4005 
 4374          4002 
 4376          4002 
 4378          4002 
 4380          4002 
 4382          3999 
 4384          3999 
 4386          3999 
 4388          3999 
 4390          3996 
 4392          3996 
 4394          3996 
 4396          3996 
 4398          3996 
 4400          3993 
 4402          3993 
 4404          3993 
 4406          3993 
 4408          3993 
 4410          3990 
 4412          3990 
 4414          3990 
 4416          3990 
 4418          3990 
 4420          3987 
 4422          3987 
 4424          3987 
 4426          3987 
 4428          3987 
 4430          3984 
 4432          3984 
 4434          3984 
 4436          3984 
 4438          3984 
 4440          3981 
 4442          3981 
 4444          3981 
 4446          3981 
 4448          3981 
 4450          3978 
 4452          3978 
 4454          3978 
 4456          3978 
 4458          3978 
 4460          3975 
 4462          3975 
 4464          3975 
 4466          3975 
 4468          3975 
 4470          3972 
 4472          3972 
 4474          3972 
 4476          3972 
 4478          3972 
 4480          3972 
 4482          3969 
 4484          3969 
 4486          3969 
 4488          3969 
 4490          3969 
 4492          3966 
 4494          3966 
 4496          3966 
 4498          3966 
 4500          3966 
 4502          3966 
 4504          3966 
 4506          3963 
 4508          3963 
 4510          3963 
 4512          3963 
 4514          3963 
 4516          3963 
 4518          3960 
 4520          3960 
 4522          3960 
 4524          3960 
 4526          3960 
 4528          3960 
 4530          3960 
 4532          3957 
 4534          3957 
 4536          3957 
 4538          3957 
 4540          3957 
 4542          3957 
 4544          3954 
 4546          3954 
 4548          3954 
 4550          3954 
 4552          3954 
 4554          3954 
 4556          3954 
 4558          3951 
 4560          3951 
 4562          3951 
 4564          3951 
 4566          3951 
 4568          3951 
 4570          3951 
 4572          3948 
 4574          3948 
 4576          3948 
 4578          3948 
 4580          3948 
 4582          3948 
 4584          3948 
 4586          3948 
 4588          3945 
 4590          3945 
 4592          3945 
 4594          3945 
 4596          3945 
 4598          3945 
 4600          3945 
 4602          3942 
 4604          3942 
 4606          3942 
 4608          3942 
 4610          3942 
 4612          3942 
 4614          3942 
 4616          3939 
 4618          3939 
 4620          3939 
 4622          3939 
 4624          3939 
 4626          3939 
 4628          3939 
 4630          3939 
 4632          3939 
 4634          3939 
 4636          3939 
 4638          3936 
 4640          3936 
 4642          3936 
 4644          3936 
 4646          3936 
 4648          3936 
 4650          3936 
 4652          3933 
 4654          3933 
 4656          3933 
 4658          3933 
 4660          3933 
 4662          3933 
 4664          3933 
 4666          3933 
 4668          3933 
 4670          3933 
 4672          3933 
 4674          3930 
 4676          3930 
 4678          3930 
 4680          3930 
 4682          3930 
 4684          3930 
 4686          3930 
 4688          3930 
 4690          3930 
 4692          3927 
 4694          3927 
 4696          3927 
 4698          3927 
 4700          3927 
 4702          3927 
 4704          3927 
 4706          3927 
 4708          3927 
 4710          3927 
 4712          3927 
 4714          3924 
 4716          3924 
 4718          3924 
 4720          3924 
 4722          3924 
 4724          3924 
 4726          3924 
 4728          3921 
 4730          3921 
 4732          3921 
 4734          3921 
 4736          3921 
 4738          3921 
 4740          3921 
 4742          3921 
 4744          3921 
 4746          3921 
 4748          3918 
 4750          3918 
 4752          3918 
 4754          3918 
 4756          3918 
 4758          3918 
 4760          3918 
 4762          3918 
 4764          3918 
 4766          3918 
 4768          3918 
 4770          3915 
 4772          3915 
 4774          3915 
 4776          3915 
 4778          3915 
 4780          3915 
 4782          3915 
 4784          3915 
 4786          3912 
 4788          3915 
 4790          3912 
 4792          3912 
 4794          3912 
 4796          3912 
 4798          3912 
 4800          3912 
 4802          3912 
 4804          3909 
 4806          3909 
 4808          3909 
 4810          3909 
 4812          3909 
 4814          3909 
 4816          3909 
 4818          3909 
 4820          3906 
 4822          3906 
 4824          3906 
 4826          3906 
 4828          3906 
 4830          3906 
 4832          3906 
 4834          3906 
 4836          3906 
 4838          3903 
 4840          3903 
 4842          3903 
 4844          3903 
 4846          3903 
 4848          3903 
 4850          3903 
 4852          3903 
 4854          3900 
 4856          3900 
 4858          3900 
 4860          3900 
 4862          3900 
 4864          3900 
 4866          3900 
 4868          3900 
 4870          3897 
 4872          3897 
 4874          3897 
 4876          3897 
 4878          3897 
 4880          3897 
 4882          3897 
 4884          3897 
 4886          3897 
 4888          3894 
 4890          3894 
 4892          3894 
 4894          3894 
 4896          3894 
 4898          3894 
 4900          3894 
 4902          3894 
 4904          3891 
 4906          3891 
 4908          3891 
 4910          3891 
 4912          3891 
 4914          3891 
 4916          3891 
 4918          3891 
 4920          3888 
 4922          3888 
 4924          3888 
 4926          3888 
 4928          3888 
 4930          3885 
 4932          3888 
 4934          3885 
 4936          3885 
 4938          3885 
 4940          3885 
 4942          3885 
 4944          3885 
 4946          3885 
 4948          3885 
 4950          3882 
 4952          3882 
 4954          3882 
 4956          3882 
 4958          3882 
 4960          3882 
 4962          3882 
 4964          3882 
 4966          3879 
 4968          3879 
 4970          3879 
 4972          3879 
 4974          3879 
 4976          3879 
 4978          3879 
 4980          3879 
 4982          3876 
 4984          3876 
 4986          3876 
 4988          3876 
 4990          3876 
 4992          3876 
 4994          3876 
 4996          3873 
 4998          3876 
 5000          3873 
 5002          3873 
 5004          3873 
 5006          3873 
 5008          3873 
 5010          3873 
 5012          3870 
 5014          3870 
 5016          3870 
 5018          3870 
 5020          3870 
 5022          3870 
 5024          3870 
 5026          3870 
 5028          3867 
 5030          3867 
 5032          3867 
 5034          3867 
 5036          3867 
 5038          3867 
 5040          3867 
 5042          3867 
 5044          3867 
 5046          3867 
 5048          3864 
 5050          3864 
 5052          3864 
 5054          3864 
 5056          3864 
 5058          3864 
 5060          3861 
 5062          3864 
 5064          3861 
 5066          3861 
 5068          3861 
 5070          3861 
 5072          3861 
 5074          3861 
 5076          3861 
 5078          3858 
 5080          3858 
 5082          3858 
 5084          3858 
 5086          3858 
 5088          3858 
 5090          3858 
 5092          3858 
 5094          3858 
 5096          3855 
 5098          3855 
 5100          3855 
 5102          3855 
 5104          3855 
 5106          3855 
 5108          3855 
 5110          3852 
 5112          3855 
 5114          3852 
 5116          3852 
 5118          3852 
 5120          3852 
 5122          3852 
 5124          3852 
 5126          3852 
 5128          3849 
 5130          3849 
 5132          3849 
 5134          3849 
 5136          3849 
 5138          3849 
 5140          3849 
 5142          3849 
 5144          3849 
 5146          3849 
 5148          3846 
 5150          3846 
 5152          3846 
 5154          3846 
 5156          3846 
 5158          3846 
 5160          3846 
 5162          3846 
 5164          3846 
 5166          3843 
 5168          3843 
 5170          3843 
 5172          3843 
 5174          3843 
 5176          3843 
 5178          3843 
 5180          3843 
 5182          3843 
 5184          3843 
 5186          3840 
 5188          3840 
 5190          3840 
 5192          3840 
 5194          3840 
 5196          3840 
 5198          3840 
 5200          3840 
 5202          3837 
 5204          3837 
 5206          3837 
 5208          3837 
 5210          3837 
 5212          3837 
 5214          3837 
 5216          3834 
 5218          3837 
 5220          3834 
 5222          3834 
 5224          3834 
 5226          3834 
 5228          3834 
 5230          3834 
 5232          3834 
 5234          3834 
 5236          3834 
 5238          3831 
 5240          3831 
 5242          3831 
 5244          3831 
 5246          3831 
 5248          3831 
 5250          3831 
 5252          3831 
 5254          3831 
 5256          3831 
 5258          3828 
 5260          3831 
 5262          3828 
 5264          3828 
 5266          3828 
 5268          3828 
 5270          3828 
 5272          3828 
 5274          3828 
 5276          3828 
 5278          3828 
 5280          3825 
 5282          3825 
 5284          3825 
 5286          3825 
 5288          3825 
 5290          3825 
 5292          3825 
 5294          3825 
 5296          3825 
 5298          3825 
 5300          3822 
 5302          3825 
 5304          3822 
 5306          3822 
 5308          3822 
 5310          3822 
 5312          3822 
 5314          3822 
 5316          3822 
 5318          3822 
 5320          3822 
 5322          3822 
 5324          3822 
 5326          3819 
 5328          3819 
 5330          3819 
 5332          3819 
 5334          3819 
 5336          3819 
 5338          3819 
 5340          3819 
 5342          3819 
 5344          3819 
 5346          3816 
 5348          3816 
 5350          3816 
 5352          3816 
 5354          3816 
 5356          3816 
 5358          3816 
 5360          3816 
 5362          3816 
 5364          3816 
 5366          3813 
 5368          3816 
 5370          3813 
 5372          3813 
 5374          3813 
 5376          3813 
 5378          3813 
 5380          3813 
 5382          3813 
 5384          3813 
 5386          3813 
 5388          3813 
 5390          3810 
 5392          3810 
 5394          3810 
 5396          3810 
 5398          3810 
 5400          3810 
 5402          3810 
 5404          3810 
 5406          3810 
 5408          3810 
 5410          3807 
 5412          3810 
 5414          3807 
 5416          3807 
 5418          3807 
 5420          3807 
 5422          3807 
 5424          3807 
 5426          3807 
 5428          3807 
 5430          3807 
 5432          3804 
 5434          3807 
 5436          3804 
 5438          3804 
 5440          3804 
 5442          3804 
 5444          3804 
 5446          3804 
 5448          3804 
 5450          3804 
 5452          3804 
 5454          3804 
 5456          3801 
 5458          3804 
 5460          3801 
 5462          3801 
 5464          3801 
 5466          3801 
 5468          3801 
 5470          3801 
 5472          3801 
 5474          3801 
 5476          3801 
 5478          3801 
 5480          3798 
 5482          3798 
 5484          3798 
 5486          3798 
 5488          3798 
 5490          3798 
 5492          3798 
 5494          3798 
 5496          3798 
 5498          3798 
 5500          3798 
 5502          3798 
 5504          3798 
 5506          3798 
 5508          3795 
 5510          3795 
 5512          3795 
 5514          3795 
 5516          3795 
 5518          3795 
 5520          3795 
 5522          3795 
 5524          3795 
 5526          3795 
 5528          3792 
 5530          3795 
 5532          3792 
 5534          3792 
 5536          3792 
 5538          3792 
 5540          3792 
 5542          3792 
 5544          3792 
 5546          3792 
 5548          3792 
 5550          3792 
 5552          3792 
 5554          3789 
 5556          3789 
 5558          3789 
 5560          3789 
 5562          3789 
 5564          3789 
 5566          3789 
 5568          3789 
 5570          3789 
 5572          3789 
 5574          3789 
 5576          3789 
 5578          3789 
 5580          3789 
 5582          3786 
 5584          3786 
 5586          3786 
 5588          3786 
 5590          3786 
 5592          3786 
 5594          3786 
 5596          3786 
 5598          3786 
 5600          3783 
 5602          3786 
 5604          3783 
 5606          3783 
 5608          3783 
 5610          3783 
 5612          3783 
 5614          3783 
 5616          3783 
 5618          3783 
 5620          3783 
 5622          3783 
 5624          3783 
 5626          3780 
 5628          3783 
 5630          3780 
 5632          3780 
 5634          3780 
 5636          3780 
 5638          3780 
 5640          3780 
 5642          3780 
 5644          3780 
 5646          3780 
 5648          3780 
 5650          3780 
 5652          3777 
 5654          3777 
 5656          3780 
 5658          3777 
 5660          3777 
 5662          3777 
 5664          3777 
 5666          3777 
 5668          3777 
 5670          3777 
 5672          3777 
 5674          3774 
 5676          3774 
 5678          3774 
 5680          3777 
 5682          3774 
 5684          3774 
 5686          3774 
 5688          3774 
 5690          3774 
 5692          3774 
 5694          3774 
 5696          3774 
 5698          3774 
 5700          3774 
 5702          3774 
 5704          3771 
 5706          3771 
 5708          3771 
 5710          3771 
 5712          3771 
 5714          3771 
 5716          3771 
 5718          3771 
 5720          3771 
 5722          3771 
 5724          3771 
 5726          3771 
 5728          3768 
 5730          3768 
 5732          3768 
 5734          3768 
 5736          3768 
 5738          3768 
 5740          3768 
 5742          3768 
 5744          3768 
 5746          3768 
 5748          3768 
 5750          3765 
 5752          3768 
 5754          3768 
 5756          3768 
 5758          3768 
 5760          3765 
 5762          3765 
 5764          3765 
 5766          3765 
 5768          3765 
 5770          3765 
 5772          3765 
 5774          3765 
 5776          3765 
 5778          3765 
 5780          3765 
 5782          3765 
 5784          3762 
 5786          3762 
 5788          3762 
 5790          3762 
 5792          3762 
 5794          3762 
 5796          3762 
 5798          3762 
 5800          3762 
 5802          3762 
 5804          3762 
 5806          3762 
 5808          3762 
 5810          3762 
 5812          3762 
 5814          3759 
 5816          3759 
 5818          3759 
 5820          3759 
 5822          3759 
 5824          3759 
 5826          3759 
 5828          3759 
 5830          3759 
 5832          3759 
 5834          3759 
 5836          3759 
 5838          3759 
 5840          3756 
 5842          3759 
 5844          3759 
 5846          3756 
 5848          3759 
 5850          3756 
 5852          3756 
 5854          3756 
 5856          3756 
 5858          3756 
 5860          3756 
 5862          3756 
 5864          3756 
 5866          3756 
 5868          3756 
 5870          3756 
 5872          3756 
 5874          3756 
 5876          3753 
 5878          3753 
 5880          3753 
 5882          3753 
 5884          3753 
 5886          3753 
 5888          3753 
 5890          3753 
 5892          3753 
 5894          3753 
 5896          3753 
 5898          3753 
 5900          3753 
 5902          3753 
 5904          3753 
 5906          3753 
 5908          3750 
 5910          3750 
 5912          3750 
 5914          3750 
 5916          3750 
 5918          3750 
 5920          3750 
 5922          3750 
 5924          3750 
 5926          3750 
 5928          3750 
 5930          3750 
 5932          3750 
 5934          3750 
 5936          3750 
 5938          3747 
 5940          3747 
 5942          3747 
 5944          3747 
 5946          3747 
 5948          3747 
 5950          3747 
 5952          3747 
 5954          3747 
 5956          3747 
 5958          3747 
 5960          3744 
 5962          3747 
 5964          3747 
 5966          3747 
 5968          3744 
 5970          3744 
 5972          3744 
 5974          3744 
 5976          3744 
 5978          3744 
 5980          3744 
 5982          3744 
 5984          3744 
 5986          3744 
 5988          3744 
 5990          3744 
 5992          3744 
 5994          3744 
 5996          3744 
 5998          3744 
 6000          3744 
 6002          3744 
 6004          3741 
 6006          3741 
 6008          3741 
 6010          3741 
 6012          3741 
 6014          3741 
 6016          3741 
 6018          3741 
 6020          3741 
 6022          3741 
 6024          3741 
 6026          3741 
 6028          3741 
 6030          3738 
 6032          3741 
 6034          3741 
 6036          3738 
 6038          3738 
 6040          3738 
 6042          3738 
 6044          3738 
 6046          3738 
 6048          3738 
 6050          3738 
 6052          3738 
 6054          3738 
 6056          3738 
 6058          3738 
 6060          3738 
 6062          3738 
 6064          3738 
 6066          3738 
 6068          3735 
 6070          3735 
 6072          3735 
 6074          3735 
 6076          3735 
 6078          3735 
 6080          3735 
 6082          3735 
 6084          3735 
 6086          3735 
 6088          3735 
 6090          3735 
 6092          3735 
 6094          3735 
 6096          3735 
 6098          3735 
 6100          3732 
 6102          3735 
 6104          3732 
 6106          3732 
 6108          3732 
 6110          3732 
 6112          3732 
 6114          3732 
 6116          3732 
 6118          3732 
 6120          3732 
 6122          3732 
 6124          3732 
 6126          3732 
 6128          3729 
 6130          3732 
 6132          3732 
 6134          3729 
 6136          3729 
 6138          3729 
 6140          3729 
 6142          3729 
 6144          3729 
 6146          3729 
 6148          3729 
 6150          3729 
 6152          3729 
 6154          3729 
 6156          3729 
 6158          3729 
 6160          3726 
 6162          3726 
 6164          3726 
 6166          3729 
 6168          3729 
 6170          3726 
 6172          3726 
 6174          3726 
 6176          3726 
 6178          3726 
 6180          3726 
 6182          3726 
 6184          3726 
 6186          3726 
 6188          3726 
 6190          3726 
 6192          3726 
 6194          3726 
 6196          3726 
 6198          3726 
 6200          3726 
 6202          3723 
 6204          3726 
 6206          3723 
 6208          3726 
 6210          3723 
 6212          3723 
 6214          3723 
 6216          3723 
 6218          3723 
 6220          3723 
 6222          3723 
 6224          3723 
 6226          3723 
 6228          3723 
 6230          3723 
 6232          3720 
 6234          3720 
 6236          3723 
 6238          3723 
 6240          3720 
 6242          3723 
 6244          3720 
 6246          3720 
 6248          3720 
 6250          3720 
 6252          3720 
 6254          3720 
 6256          3720 
 6258          3720 
 6260          3720 
 6262          3720 
 6264          3720 
 6266          3720 
 6268          3720 
 6270          3720 
 6272          3717 
 6274          3717 
 6276          3717 
 6278          3717 
 6280          3717 
 6282          3717 
 6284          3717 
 6286          3717 
 6288          3717 
 6290          3717 
 6292          3717 
 6294          3717 
 6296          3717 
 6298          3717 
 6300          3717 
 6302          3714 
 6304          3717 
 6306          3717 
 6308          3717 
 6310          3714 
 6312          3714 
 6314          3714 
 6316          3714 
 6318          3714 
 6320          3714 
 6322          3714 
 6324          3714 
 6326          3714 
 6328          3714 
 6330          3714 
 6332          3714 
 6334          3714 
 6336          3714 
 6338          3714 
 6340          3714 
 6342          3714 
 6344          3714 
 6346          3714 
 6348          3711 
 6350          3711 
 6352          3711 
 6354          3711 
 6356          3711 
 6358          3711 
 6360          3711 
 6362          3711 
 6364          3711 
 6366          3711 
 6368          3711 
 6370          3711 
 6372          3711 
 6374          3711 
 6376          3711 
 6378          3711 
 6380          3708 
 6382          3711 
 6384          3711 
 6386          3711 
 6388          3708 
 6390          3708 
 6392          3708 
 6394          3708 
 6396          3708 
 6398          3708 
 6400          3708 
 6402          3708 
 6404          3708 
 6406          3708 
 6408          3708 
 6410          3708 
 6412          3708 
 6414          3708 
 6416          3708 
 6418          3708 
 6420          3708 
 6422          3705 
 6424          3708 
 6426          3705 
 6428          3705 
 6430          3705 
 6432          3705 
 6434          3705 
 6436          3705 
 6438          3705 
 6440          3705 
 6442          3705 
 6444          3705 
 6446          3705 
 6448          3705 
 6450          3705 
 6452          3705 
 6454          3705 
 6456          3705 
 6458          3705 
 6460          3705 
 6462          3705 
 6464          3702 
 6466          3702 
 6468          3702 
 6470          3702 
 6472          3702 
 6474          3702 
 6476          3702 
 6478          3702 
 6480          3702 
 6482          3702 
 6484          3702 
 6486          3702 
 6488          3702 
 6490          3702 
 6492          3702 
 6494          3702 
 6496          3702 
 6498          3702 
 6500          3702 
 6502          3702 
 6504          3699 
 6506          3699 
 6508          3699 
 6510          3699 
 6512          3699 
 6514          3699 
 6516          3699 
 6518          3699 
 6520          3699 
 6522          3699 
 6524          3699 
 6526          3699 
 6528          3699 
 6530          3699 
 6532          3699 
 6534          3699 
 6536          3696 
 6538          3696 
 6540          3699 
 6542          3696 
 6544          3696 
 6546          3696 
 6548          3696 
 6550          3696 
 6552          3696 
 6554          3696 
 6556          3696 
 6558          3696 
 6560          3696 
 6562          3696 
 6564          3696 
 6566          3693 
 6568          3696 
 6570          3696 
 6572          3696 
 6574          3696 
 6576          3693 
 6578          3693 
 6580          3693 
 6582          3693 
 6584          3693 
 6586          3693 
 6588          3693 
 6590          3693 
 6592          3693 
 6594          3693 
 6596          3693 
 6598          3693 
 6600          3693 
 6602          3693 
 6604          3693 
 6606          3693 
 6608          3693 
 6610          3690 
 6612          3693 
 6614          3690 
 6616          3690 
 6618          3690 
 6620          3690 
 6622          3690 
 6624          3690 
 6626          3690 
 6628          3690 
 6630          3690 
 6632          3690 
 6634          3690 
 6636          3690 
 6638          3690 
 6640          3690 
 6642          3687 
 6644          3687 
 6646          3687 
 6648          3687 
 6650          3687 
 6652          3687 
 6654          3687 
 6656          3687 
 6658          3687 
 6660          3687 
 6662          3687 
 6664          3687 
 6666          3684 
 6668          3687 
 6670          3687 
 6672          3684 
 6674          3684 
 6676          3684 
 6678          3684 
 6680          3684 
 6682          3684 
 6684          3684 
 6686          3684 
 6688          3684 
 6690          3684 
 6692          3684 
 6694          3684 
 6696          3684 
 6698          3684 
 6700          3684 
 6702          3684 
 6704          3681 
 6706          3681 
 6708          3681 
 6710          3681 
 6712          3681 
 6714          3681 
 6716          3681 
 6718          3681 
 6720          3681 
 6722          3681 
 6724          3681 
 6726          3681 
 6728          3681 
 6730          3678 
 6732          3681 
 6734          3678 
 6736          3678 
 6738          3678 
 6740          3678 
 6742          3678 
 6744          3678 
 6746          3678 
 6748          3678 
 6750          3678 
 6752          3678 
 6754          3678 
 6756          3678 
 6758          3678 
 6760          3675 
 6762          3675 
 6764          3675 
 6766          3675 
 6768          3675 
 6770          3675 
 6772          3675 
 6774          3675 
 6776          3675 
 6778          3675 
 6780          3675 
 6782          3675 
 6784          3675 
 6786          3675 
 6788          3672 
 6790          3672 
 6792          3672 
 6794          3672 
 6796          3672 
 6798          3672 
 6800          3672 
 6802          3672 
 6804          3672 
 6806          3672 
 6808          3672 
 6810          3672 
 6812          3672 
 6814          3669 
 6816          3669 
 6818          3669 
 6820          3669 
 6822          3669 
 6824          3669 
 6826          3669 
 6828          3669 
 6830          3669 
 6832          3669 
 6834          3669 
 6836          3666 
 6838          3666 
 6840          3666 
 6842          3666 
 6844          3666 
 6846          3666 
 6848          3666 
 6850          3666 
 6852          3666 
 6854          3666 
 6856          3666 
 6858          3666 
 6860          3663 
 6862          3663 
 6864          3663 
 6866          3663 
 6868          3663 
 6870          3663 
 6872          3663 
 6874          3663 
 6876          3663 
 6878          3663 
 6880          3663 
 6882          3660 
 6884          3660 
 6886          3663 
 6888          3660 
 6890          3660 
 6892          3660 
 6894          3660 
 6896          3660 
 6898          3660 
 6900          3660 
 6902          3660 
 6904          3660 
 6906          3660 
 6908          3660 
 6910          3660 
 6912          3657 
 6914          3657 
 6916          3657 
 6918          3657 
 6920          3657 
 6922          3657 
 6924          3657 
 6926          3657 
 6928          3657 
 6930          3657 
 6932          3657 
 6934          3657 
 6936          3657 
 6938          3657 
 6940          3657 
 6942          3654 
 6944          3657 
 6946          3654 
 6948          3657 
 6950          3654 
 6952          3654 
 6954          3654 
 6956          3654 
 6958          3654 
 6960          3654 
 6962          3654 
 6964          3654 
 6966          3654 
 6968          3654 
 6970          3654 
 6972          3654 
 6974          3654 
 6976          3654 
 6978          3654 
 6980          3654 
 6982          3654 
 6984          3654 
 6986          3651 
 6988          3651 
 6990          3651 
 6992          3651 
 6994          3651 
 6996          3651 
 6998          3651 
 7000          3651 
 7002          3651 
 7004          3651 
 7006          3651 
 7008          3651 
 7010          3651 
 7012          3651 
 7014          3651 
 7016          3651 
 7018          3651 
 7020          3651 
 7022          3648 
 7024          3648 
 7026          3648 
 7028          3651 
 7030          3648 
 7032          3648 
 7034          3648 
 7036          3648 
 7038          3648 
 7040          3648 
 7042          3648 
 7044          3648 
 7046          3648 
 7048          3648 
 7050          3648 
 7052          3648 
 7054          3648 
 7056          3648 
 7058          3645 
 7060          3645 
 7062          3645 
 7064          3645 
 7066          3645 
 7068          3645 
 7070          3645 
 7072          3645 
 7074          3645 
 7076          3645 
 7078          3645 
 7080          3645 
 7082          3645 
 7084          3645 
 7086          3645 
 7088          3642 
 7090          3642 
 7092          3642 
 7094          3642 
 7096          3642 
 7098          3642 
 7100          3642 
 7102          3642 
 7104          3642 
 7106          3642 
 7108          3639 
 7110          3642 
 7112          3639 
 7114          3639 
 7116          3639 
 7118          3639 
 7120          3639 
 7122          3639 
 7124          3639 
 7126          3639 
 7128          3639 
 7130          3636 
 7132          3636 
 7134          3636 
 7136          3636 
 7138          3636 
 7140          3636 
 7142          3636 
 7144          3633 
 7146          3633 
 7148          3633 
 7150          3633 
 7152          3633 
 7154          3633 
 7156          3630 
 7158          3630 
 7160          3630 
 7162          3630 
 7164          3630 
 7166          3630 
 7168          3627 
 7170          3627 
 7172          3627 
 7174          3627 
 7176          3624 
 7178          3627 
 7180          3624 
 7182          3624 
 7184          3624 
 7186          3624 
 7188          3624 
 7190          3621 
 7192          3621 
 7194          3621 
 7196          3618 
 7198          3618 
 7200          3618 
 7202          3615 
 7204          3618 
 7206          3615 
 7208          3615 
 7210          3615 
 7212          3612 
 7214          3612 
 7216          3612 
 7218          3609 
 7220          3609 
 7222          3609 
 7224          3609 
 7226          3606 
 7228          3606 
 7230          3606 
 7232          3603 
 7234          3603 
 7236          3603 
 7238          3600 
 7240          3600 
 7242          3600 
 7244          3600 
 7246          3597 
 7248          3597 
 7250          3597 
 7252          3594 
 7254          3594 
 7256          3594 
 7258          3591 
 7260          3591 
 7262          3588 
 7264          3588 
 7266          3588 
 7268          3585 
 7270          3585 
 7272          3582 
 7274          3582 
 7276          3579 
 7278          3579 
 7280          3579 
 7282          3576 
 7284          3576 
 7286          3576 
 7288          3573 
 7290          3573 
 7292          3570 
 7294          3570 
 7296          3570 
 7298          3567 
 7300          3567 
 7302          3564 
 7304          3564 
 7306          3561 
 7308          3561 
 7310          3558 
 7312          3558 
 7314          3555 
 7316          3552 
 7318          3552 
 7320          3549 
 7322          3549 
 7324          3546 
 7326          3546 
 7328          3543 
 7330          3543 
 7332          3540 
 7334          3540 
 7336          3537 
 7338          3534 
 7340          3534 
 7342          3531 
 7344          3531 
 7346          3528 
 7348          3528 
 7350          3525 
 7352          3525 
 7354          3522 
 7356          3519 
 7358          3519 
 7360          3516 
 7362          3513 
 7364          3513 
 7366          3510 
 7368          3510 
 7370          3507 
 7372          3504 
 7374          3504 
 7376          3501 
 7378          3498 
 7380          3495 
 7382          3495 
 7384          3492 
 7386          3489 
 7388          3486 
 7390          3486 
 7392          3483 
 7394          3480 
 7396          3477 
 7398          3474 
 7400          3474 
 7402          3471 
 7404          3468 
 7406          3465 
 7408          3462 
 7410          3459 
 7412          3459 
 7414          3456 
 7416          3453 
 7418          3450 
 7420          3447 
 7422          3444 
 7424          3441 
 7426          3438 
 7428          3435 
 7430          3432 
 7432          3429 
 7434          3426 
 7436          3423 
 7438          3420 
 7440          3417 
 7442          3411 
 7444          3408 
 7446          3405 
 7448          3402 
 7450          3396 
 7452          3393 
 7454          3390 
 7456          3387 
 7458          3381 
 7460          3378 
 7462          3375 
 7464          3369 
 7466          3366 
 7468          3360 
 7470          3357 
 7472          3351 
 7474          3348 
 7476          3345 
 7478          3339 
 7480          3333 
 7482          3330 
 7484          3324 
 7486          3318 
 7488          3315 
 7490          3309 
 7492          3303 
 7494          3297 
 7496          3291 
 7498          3285 
 7500          3279 
 7502          3270 
 7504          3264 
 7506          3261 
 7508          3252 
 7510          3246 
 7512          3240 
 7514          3231 
 7516          3225 
 7518          3216 
 7520          3207 
 7522          3198 
 7524          3189 
 7526          3180 
 7528          3168 
 7530          3159 
 7532          3147 
 7534          3138 
 7536          3123 
 7538          3111 
 7540          3099 
 7542          3081 
 7544          3066 
 7546          3051 
 7548          3033 
 7550          3012 
 7552          2991 
 7554          2970 
 7556          2943 
 7558          2916 
 7560          2889 
 7562          2859 
 7564          2826 
 7566          2790 
 7568          2751 
 7570          2706 
 7572          2652 
 7574          2589 
