t[s]          U[mV]
 4006          4104 
 4008          4101 
 4010          4098 
 4012          4095 
 4014          4092 
 4016          4092 
 4018          4089 
 4020          4089 
 4022          4086 
 4024          4086 
 4026          4086 
 4028          4086 
 4030          4083 
 4032          4083 
 4034          4083 
 4036          4083 
 4038          4080 
 4040          4080 
 4042          4080 
 4044          4077 
 4046          4077 
 4048          4077 
 4050          4077 
 4052          4077 
 4054          4077 
 4056          4074 
 4058          4074 
 4060          4074 
 4062          4074 
 4064          4074 
 4066          4074 
 4068          4071 
 4070          4071 
 4072          4071 
 4074          4071 
 4076          4068 
 4078          4068 
 4080          4068 
 4082          4068 
 4084          4068 
 4086          4068 
 4088          4065 
 4090          4065 
 4092          4065 
 4094          4065 
 4096          4065 
 4098          4065 
 4100          4062 
 4102          4062 
 4104          4062 
 4106          4062 
 4108          4062 
 4110          4062 
 4112          4059 
 4114          4059 
 4116          4059 
 4118          4059 
 4120          4059 
 4122          4059 
 4124          4056 
 4126          4056 
 4128          4056 
 4130          4056 
 4132          4056 
 4134          4056 
 4136          4053 
 4138          4053 
 4140          4053 
 4142          4053 
 4144          4053 
 4146          4053 
 4148          4050 
 4150          4050 
 4152          4050 
 4154          4050 
 4156          4050 
 4158          4050 
 4160          4050 
 4162          4047 
 4164          4050 
 4166          4047 
 4168          4047 
 4170          4047 
 4172          4047 
 4174          4047 
 4176          4047 
 4178          4047 
 4180          4044 
 4182          4044 
 4184          4044 
 4186          4044 
 4188          4044 
 4190          4044 
 4192          4041 
 4194          4044 
 4196          4041 
 4198          4041 
 4200          4041 
 4202          4041 
 4204          4041 
 4206          4041 
 4208          4041 
 4210          4041 
 4212          4038 
 4214          4038 
 4216          4038 
 4218          4038 
 4220          4038 
 4222          4038 
 4224          4038 
 4226          4038 
 4228          4035 
 4230          4038 
 4232          4035 
 4234          4035 
 4236          4035 
 4238          4035 
 4240          4035 
 4242          4035 
 4244          4035 
 4246          4035 
 4248          4035 
 4250          4032 
 4252          4032 
 4254          4032 
 4256          4032 
 4258          4032 
 4260          4032 
 4262          4032 
 4264          4032 
 4266          4032 
 4268          4032 
 4270          4029 
 4272          4029 
 4274          4029 
 4276          4029 
 4278          4029 
 4280          4029 
 4282          4029 
 4284          4029 
 4286          4029 
 4288          4026 
 4290          4026 
 4292          4026 
 4294          4026 
 4296          4026 
 4298          4026 
 4300          4023 
 4302          4023 
 4304          4023 
 4306          4023 
 4308          4023 
 4310          4023 
 4312          4020 
 4314          4020 
 4316          4020 
 4318          4020 
 4320          4020 
 4322          4020 
 4324          4017 
 4326          4017 
 4328          4017 
 4330          4017 
 4332          4017 
 4334          4014 
 4336          4014 
 4338          4014 
 4340          4014 
 4342          4014 
 4344          4011 
 4346          4011 
 4348          4011 
 4350          4011 
 4352          4008 
 4354          4008 
 4356          4008 
 4358          4008 
 4360          4008 
 4362          4008 
 4364          4005 
 4366          4005 
 4368          4005 
 4370          4005 
 4372          4005 
 4374          4002 
 4376          4002 
 4378          4002 
 4380          4002 
 4382          3999 
 4384          3999 
 4386          3999 
 4388          3999 
 4390          3996 
 4392          3996 
 4394          3996 
 4396          3996 
 4398          3996 
 4400          3993 
 4402          3993 
 4404          3993 
 4406          3993 
 4408          3993 
 4410          3990 
 4412          3990 
 4414          3990 
 4416          3990 
 4418          3990 
 4420          3987 
 4422          3987 
 4424          3987 
 4426          3987 
 4428          3987 
 4430          3984 
 4432          3984 
 4434          3984 
 4436          3984 
 4438          3984 
 4440          3981 
 4442          3981 
 4444          3981 
 4446          3981 
 4448          3981 
 4450          3978 
 4452          3978 
 4454          3978 
 4456          3978 
 4458          3978 
 4460          3975 
 4462          3975 
 4464          3975 
 4466          3975 
 4468          3975 
 4470          3972 
 4472          3972 
 4474          3972 
 4476          3972 
 4478          3972 
 4480          3972 
 4482          3969 
 4484          3969 
 4486          3969 
 4488          3969 
 4490          3969 
 4492          3966 
 4494          3966 
 4496          3966 
 4498          3966 
 4500          3966 
 4502          3966 
 4504          3966 
 4506          3963 
 4508          3963 
 4510          3963 
 4512          3963 
 4514          3963 
 4516          3963 
 4518          3960 
 4520          3960 
 4522          3960 
 4524          3960 
 4526          3960 
 4528          3960 
 4530          3960 
 4532          3957 
 4534          3957 
 4536          3957 
 4538          3957 
 4540          3957 
 4542          3957 
 4544          3954 
 4546          3954 
 4548          3954 
 4550          3954 
 4552          3954 
 4554          3954 
 4556          3954 
 4558          3951 
 4560          3951 
 4562          3951 
 4564          3951 
 4566          3951 
 4568          3951 
 4570          3951 
 4572          3948 
 4574          3948 
 4576          3948 
 4578          3948 
 4580          3948 
 4582          3948 
 4584          3948 
 4586          3948 
 4588          3945 
 4590          3945 
 4592          3945 
 4594          3945 
 4596          3945 
 4598          3945 
 4600          3945 
 4602          3942 
 4604          3942 
 4606          3942 
 4608          3942 
 4610          3942 
 4612          3942 
 4614          3942 
 4616          3939 
 4618          3939 
 4620          3939 
 4622          3939 
 4624          3939 
 4626          3939 
 4628          3939 
 4630          3939 
 4632          3939 
 4634          3939 
 4636          3939 
 4638          3936 
 4640          3936 
 4642          3936 
 4644          3936 
 4646          3936 
 4648          3936 
 4650          3936 
 4652          3933 
 4654          3933 
 4656          3933 
 4658          3933 
 4660          3933 
 4662          3933 
 4664          3933 
 4666          3933 
 4668          3933 
 4670          3933 
 4672          3933 
 4674          3930 
 4676          3930 
 4678          3930 
 4680          3930 
 4682          3930 
 4684          3930 
 4686          3930 
 4688          3930 
 4690          3930 
 4692          3927 
 4694          3927 
 4696          3927 
 4698          3927 
 4700          3927 
 4702          3927 
 4704          3927 
 4706          3927 
 4708          3927 
 4710          3927 
 4712          3927 
 4714          3924 
 4716          3924 
 4718          3924 
 4720          3924 
 4722          3924 
 4724          3924 
 4726          3924 
 4728          3921 
 4730          3921 
 4732          3921 
 4734          3921 
 4736          3921 
 4738          3921 
 4740          3921 
 4742          3921 
 4744          3921 
 4746          3921 
 4748          3918 
 4750          3918 
 4752          3918 
 4754          3918 
 4756          3918 
 4758          3918 
 4760          3918 
 4762          3918 
 4764          3918 
 4766          3918 
 4768          3918 
 4770          3915 
 4772          3915 
 4774          3915 
 4776          3915 
 4778          3915 
 4780          3915 
 4782          3915 
 4784          3915 
 4786          3912 
 4788          3915 
 4790          3912 
 4792          3912 
 4794          3912 
 4796          3912 
 4798          3912 
 4800          3912 
 4802          3912 
 4804          3909 
 4806          3909 
 4808          3909 
 4810          3909 
 4812          3909 
 4814          3909 
 4816          3909 
 4818          3909 
 4820          3906 
 4822          3906 
 4824          3906 
 4826          3906 
 4828          3906 
 4830          3906 
 4832          3906 
 4834          3906 
 4836          3906 
 4838          3903 
 4840          3903 
 4842          3903 
 4844          3903 
 4846          3903 
 4848          3903 
 4850          3903 
 4852          3903 
 4854          3900 
 4856          3900 
 4858          3900 
 4860          3900 
 4862          3900 
 4864          3900 
 4866          3900 
 4868          3900 
 4870          3897 
 4872          3897 
 4874          3897 
 4876          3897 
 4878          3897 
 4880          3897 
 4882          3897 
 4884          3897 
 4886          3897 
 4888          3894 
 4890          3894 
 4892          3894 
 4894          3894 
 4896          3894 
 4898          3894 
 4900          3894 
 4902          3894 
 4904          3891 
 4906          3891 
 4908          3891 
 4910          3891 
 4912          3891 
 4914          3891 
 4916          3891 
 4918          3891 
 4920          3888 
 4922          3888 
 4924          3888 
 4926          3888 
 4928          3888 
 4930          3885 
 4932          3888 
 4934          3885 
 4936          3885 
 4938          3885 
 4940          3885 
 4942          3885 
 4944          3885 
 4946          3885 
 4948          3885 
 4950          3882 
 4952          3882 
 4954          3882 
 4956          3882 
 4958          3882 
 4960          3882 
 4962          3882 
 4964          3882 
 4966          3879 
 4968          3879 
 4970          3879 
 4972          3879 
 4974          3879 
 4976          3879 
 4978          3879 
 4980          3879 
 4982          3876 
 4984          3876 
 4986          3876 
 4988          3876 
 4990          3876 
 4992          3876 
 4994          3876 
 4996          3873 
 4998          3876 
 5000          3873 
 5002          3873 
 5004          3873 
 5006          3873 
 5008          3873 
 5010          3873 
 5012          3870 
 5014          3870 
 5016          3870 
 5018          3870 
 5020          3870 
 5022          3870 
 5024          3870 
 5026          3870 
 5028          3867 
 5030          3867 
 5032          3867 
 5034          3867 
 5036          3867 
 5038          3867 
 5040          3867 
 5042          3867 
 5044          3867 
 5046          3867 
 5048          3864 
 5050          3864 
 5052          3864 
 5054          3864 
 5056          3864 
 5058          3864 
 5060          3861 
 5062          3864 
 5064          3861 
 5066          3861 
 5068          3861 
 5070          3861 
 5072          3861 
 5074          3861 
 5076          3861 
 5078          3858 
 5080          3858 
 5082          3858 
 5084          3858 
 5086          3858 
 5088          3858 
 5090          3858 
 5092          3858 
 5094          3858 
 5096          3855 
 5098          3855 
 5100          3855 
 5102          3855 
 5104          3855 
 5106          3855 
 5108          3855 
 5110          3852 
 5112          3855 
 5114          3852 
 5116          3852 
 5118          3852 
 5120          3852 
 5122          3852 
 5124          3852 
 5126          3852 
 5128          3849 
 5130          3849 
 5132          3849 
 5134          3849 
 5136          3849 
 5138          3849 
 5140          3849 
 5142          3849 
 5144          3849 
 5146          3849 
 5148          3846 
 5150          3846 
 5152          3846 
 5154          3846 
 5156          3846 
 5158          3846 
 5160          3846 
 5162          3846 
 5164          3846 
 5166          3843 
 5168          3843 
 5170          3843 
 5172          3843 
 5174          3843 
 5176          3843 
 5178          3843 
 5180          3843 
 5182          3843 
 5184          3843 
 5186          3840 
 5188          3840 
 5190          3840 
 5192          3840 
 5194          3840 
 5196          3840 
 5198          3840 
 5200          3840 
 5202          3837 
 5204          3837 
 5206          3837 
 5208          3837 
 5210          3837 
 5212          3837 
 5214          3837 
 5216          3834 
 5218          3837 
 5220          3834 
 5222          3834 
 5224          3834 
 5226          3834 
 5228          3834 
 5230          3834 
 5232          3834 
 5234          3834 
 5236          3834 
 5238          3831 
 5240          3831 
 5242          3831 
 5244          3831 
 5246          3831 
 5248          3831 
 5250          3831 
 5252          3831 
 5254          3831 
 5256          3831 
 5258          3828 
 5260          3831 
 5262          3828 
 5264          3828 
 5266          3828 
 5268          3828 
 5270          3828 
 5272          3828 
 5274          3828 
 5276          3828 
 5278          3828 
 5280          3825 
 5282          3825 
 5284          3825 
 5286          3825 
 5288          3825 
 5290          3825 
 5292          3825 
 5294          3825 
 5296          3825 
 5298          3825 
 5300          3822 
 5302          3825 
 5304          3822 
 5306          3822 
 5308          3822 
 5310          3822 
 5312          3822 
 5314          3822 
 5316          3822 
 5318          3822 
 5320          3822 
 5322          3822 
 5324          3822 
 5326          3819 
 5328          3819 
 5330          3819 
 5332          3819 
 5334          3819 
 5336          3819 
 5338          3819 
 5340          3819 
 5342          3819 
 5344          3819 
 5346          3816 
 5348          3816 
 5350          3816 
 5352          3816 
 5354          3816 
 5356          3816 
 5358          3816 
 5360          3816 
 5362          3816 
 5364          3816 
 5366          3813 
 5368          3816 
 5370          3813 
 5372          3813 
 5374          3813 
 5376          3813 
 5378          3813 
 5380          3813 
 5382          3813 
 5384          3813 
 5386          3813 
 5388          3813 
 5390          3810 
 5392          3810 
 5394          3810 
 5396          3810 
 5398          3810 
 5400          3810 
 5402          3810 
 5404          3810 
 5406          3810 
 5408          3810 
 5410          3807 
 5412          3810 
 5414          3807 
 5416          3807 
 5418          3807 
 5420          3807 
 5422          3807 
 5424          3807 
 5426          3807 
 5428          3807 
 5430          3807 
 5432          3804 
 5434          3807 
 5436          3804 
 5438          3804 
 5440          3804 
 5442          3804 
 5444          3804 
 5446          3804 
 5448          3804 
 5450          3804 
 5452          3804 
 5454          3804 
 5456          3801 
 5458          3804 
 5460          3801 
 5462          3801 
 5464          3801 
 5466          3801 
 5468          3801 
 5470          3801 
 5472          3801 
 5474          3801 
 5476          3801 
 5478          3801 
 5480          3798 
 5482          3798 
 5484          3798 
 5486          3798 
 5488          3798 
 5490          3798 
 5492          3798 
 5494          3798 
 5496          3798 
 5498          3798 
 5500          3798 
 5502          3798 
 5504          3798 
 5506          3798 
 5508          3795 
 5510          3795 
 5512          3795 
 5514          3795 
 5516          3795 
 5518          3795 
 5520          3795 
 5522          3795 
 5524          3795 
 5526          3795 
 5528          3792 
 5530          3795 
 5532          3792 
 5534          3792 
 5536          3792 
 5538          3792 
 5540          3792 
 5542          3792 
 5544          3792 
 5546          3792 
 5548          3792 
 5550          3792 
 5552          3792 
 5554          3789 
 5556          3789 
 5558          3789 
 5560          3789 
 5562          3789 
 5564          3789 
 5566          3789 
 5568          3789 
 5570          3789 
 5572          3789 
 5574          3789 
 5576          3789 
 5578          3789 
 5580          3789 
 5582          3786 
 5584          3786 
 5586          3786 
 5588          3786 
 5590          3786 
 5592          3786 
 5594          3786 
 5596          3786 
 5598          3786 
 5600          3783 
 5602          3786 
 5604          3783 
 5606          3783 
 5608          3783 
 5610          3783 
 5612          3783 
 5614          3783 
 5616          3783 
 5618          3783 
 5620          3783 
 5622          3783 
 5624          3783 
 5626          3780 
 5628          3783 
 5630          3780 
 5632          3780 
 5634          3780 
 5636          3780 
 5638          3780 
 5640          3780 
 5642          3780 
 5644          3780 
 5646          3780 
 5648          3780 
 5650          3780 
 5652          3777 
 5654          3777 
 5656          3780 
 5658          3777 
 5660          3777 
 5662          3777 
 5664          3777 
 5666          3777 
 5668          3777 
 5670          3777 
 5672          3777 
 5674          3774 
 5676          3774 
 5678          3774 
 5680          3777 
 5682          3774 
 5684          3774 
 5686          3774 
 5688          3774 
 5690          3774 
 5692          3774 
 5694          3774 
 5696          3774 
 5698          3774 
 5700          3774 
 5702          3774 
 5704          3771 
 5706          3771 
 5708          3771 
 5710          3771 
 5712          3771 
 5714          3771 
 5716          3771 
 5718          3771 
 5720          3771 
 5722          3771 
 5724          3771 
 5726          3771 
 5728          3768 
 5730          3768 
 5732          3768 
 5734          3768 
 5736          3768 
 5738          3768 
 5740          3768 
 5742          3768 
 5744          3768 
 5746          3768 
 5748          3768 
 5750          3765 
 5752          3768 
 5754          3768 
 5756          3768 
 5758          3768 
 5760          3765 
 5762          3765 
 5764          3765 
 5766          3765 
 5768          3765 
 5770          3765 
 5772          3765 
 5774          3765 
 5776          3765 
 5778          3765 
 5780          3765 
 5782          3765 
 5784          3762 
 5786          3762 
 5788          3762 
 5790          3762 
 5792          3762 
 5794          3762 
 5796          3762 
 5798          3762 
 5800          3762 
 5802          3762 
 5804          3762 
 5806          3762 
 5808          3762 
 5810          3762 
 5812          3762 
 5814          3759 
 5816          3759 
 5818          3759 
 5820          3759 
 5822          3759 
 5824          3759 
 5826          3759 
 5828          3759 
 5830          3759 
 5832          3759 
 5834          3759 
 5836          3759 
 5838          3759 
 5840          3756 
 5842          3759 
 5844          3759 
 5846          3756 
 5848          3759 
 5850          3756 
 5852          3756 
 5854          3756 
 5856          3756 
 5858          3756 
 5860          3756 
 5862          3756 
 5864          3756 
 5866          3756 
 5868          3756 
 5870          3756 
 5872          3756 
 5874          3756 
 5876          3753 
 5878          3753 
 5880          3753 
 5882          3753 
 5884          3753 
 5886          3753 
 5888          3753 
 5890          3753 
 5892          3753 
 5894          3753 
 5896          3753 
 5898          3753 
 5900          3753 
 5902          3753 
 5904          3753 
 5906          3753 
 5908          3750 
 5910          3750 
 5912          3750 
 5914          3750 
 5916          3750 
 5918          3750 
 5920          3750 
 5922          3750 
 5924          3750 
 5926          3750 
 5928          3750 
 5930          3750 
 5932          3750 
 5934          3750 
 5936          3750 
 5938          3747 
 5940          3747 
 5942          3747 
 5944          3747 
 5946          3747 
 5948          3747 
 5950          3747 
 5952          3747 
 5954          3747 
 5956          3747 
 5958          3747 
 5960          3744 
 5962          3747 
 5964          3747 
 5966          3747 
 5968          3744 
 5970          3744 
 5972          3744 
 5974          3744 
 5976          3744 
 5978          3744 
 5980          3744 
 5982          3744 
 5984          3744 
 5986          3744 
 5988          3744 
 5990          3744 
 5992          3744 
 5994          3744 
 5996          3744 
 5998          3744 
 6000          3744 
 6002          3744 
 6004          3741 
 6006          3741 
 6008          3741 
 6010          3741 
 6012          3741 
 6014          3741 
 6016          3741 
 6018          3741 
 6020          3741 
 6022          3741 
 6024          3741 
 6026          3741 
 6028          3741 
 6030          3738 
 6032          3741 
 6034          3741 
 6036          3738 
 6038          3738 
 6040          3738 
 6042          3738 
 6044          3738 
 6046          3738 
 6048          3738 
 6050          3738 
 6052          3738 
 6054          3738 
 6056          3738 
 6058          3738 
 6060          3738 
 6062          3738 
 6064          3738 
 6066          3738 
 6068          3735 
 6070          3735 
 6072          3735 
 6074          3735 
 6076          3735 
 6078          3735 
 6080          3735 
 6082          3735 
 6084          3735 
 6086          3735 
 6088          3735 
 6090          3735 
 6092          3735 
 6094          3735 
 6096          3735 
 6098          3735 
 6100          3732 
 6102          3735 
 6104          3732 
 6106          3732 
 6108          3732 
 6110          3732 
 6112          3732 
 6114          3732 
 6116          3732 
 6118          3732 
 6120          3732 
 6122          3732 
 6124          3732 
 6126          3732 
 6128          3729 
 6130          3732 
 6132          3732 
 6134          3729 
 6136          3729 
 6138          3729 
 6140          3729 
 6142          3729 
 6144          3729 
 6146          3729 
 6148          3729 
 6150          3729 
 6152          3729 
 6154          3729 
 6156          3729 
 6158          3729 
 6160          3726 
 6162          3726 
 6164          3726 
 6166          3729 
 6168          3729 
 6170          3726 
 6172          3726 
 6174          3726 
 6176          3726 
 6178          3726 
 6180          3726 
 6182          3726 
 6184          3726 
 6186          3726 
 6188          3726 
 6190          3726 
 6192          3726 
 6194          3726 
 6196          3726 
 6198          3726 
 6200          3726 
 6202          3723 
 6204          3726 
 6206          3723 
 6208          3726 
 6210          3723 
 6212          3723 
 6214          3723 
 6216          3723 
 6218          3723 
 6220          3723 
 6222          3723 
 6224          3723 
 6226          3723 
 6228          3723 
 6230          3723 
 6232          3720 
 6234          3720 
 6236          3723 
 6238          3723 
 6240          3720 
 6242          3723 
 6244          3720 
 6246          3720 
 6248          3720 
 6250          3720 
 6252          3720 
 6254          3720 
 6256          3720 
 6258          3720 
 6260          3720 
 6262          3720 
 6264          3720 
 6266          3720 
 6268          3720 
 6270          3720 
 6272          3717 
 6274          3717 
 6276          3717 
 6278          3717 
 6280          3717 
 6282          3717 
 6284          3717 
 6286          3717 
 6288          3717 
 6290          3717 
 6292          3717 
 6294          3717 
 6296          3717 
 6298          3717 
 6300          3717 
 6302          3714 
 6304          3717 
 6306          3717 
 6308          3717 
 6310          3714 
 6312          3714 
 6314          3714 
 6316          3714 
 6318          3714 
 6320          3714 
 6322          3714 
 6324          3714 
 6326          3714 
 6328          3714 
 6330          3714 
 6332          3714 
 6334          3714 
 6336          3714 
 6338          3714 
 6340          3714 
 6342          3714 
 6344          3714 
 6346          3714 
 6348          3711 
 6350          3711 
 6352          3711 
 6354          3711 
 6356          3711 
 6358          3711 
 6360          3711 
 6362          3711 
 6364          3711 
 6366          3711 
 6368          3711 
 6370          3711 
 6372          3711 
 6374          3711 
 6376          3711 
 6378          3711 
 6380          3708 
 6382          3711 
 6384          3711 
 6386          3711 
 6388          3708 
 6390          3708 
 6392          3708 
 6394          3708 
 6396          3708 
 6398          3708 
 6400          3708 
 6402          3708 
 6404          3708 
 6406          3708 
 6408          3708 
 6410          3708 
 6412          3708 
 6414          3708 
 6416          3708 
 6418          3708 
 6420          3708 
 6422          3705 
 6424          3708 
 6426          3705 
 6428          3705 
 6430          3705 
 6432          3705 
 6434          3705 
 6436          3705 
 6438          3705 
 6440          3705 
 6442          3705 
 6444          3705 
 6446          3705 
 6448          3705 
 6450          3705 
 6452          3705 
 6454          3705 
 6456          3705 
 6458          3705 
 6460          3705 
 6462          3705 
 6464          3702 
 6466          3702 
 6468          3702 
 6470          3702 
 6472          3702 
 6474          3702 
 6476          3702 
 6478          3702 
 6480          3702 
 6482          3702 
 6484          3702 
 6486          3702 
 6488          3702 
 6490          3702 
 6492          3702 
 6494          3702 
 6496          3702 
 6498          3702 
 6500          3702 
 6502          3702 
 6504          3699 
 6506          3699 
 6508          3699 
 6510          3699 
 6512          3699 
 6514          3699 
 6516          3699 
 6518          3699 
 6520          3699 
 6522          3699 
 6524          3699 
 6526          3699 
 6528          3699 
 6530          3699 
 6532          3699 
 6534          3699 
 6536          3696 
 6538          3696 
 6540          3699 
 6542          3696 
 6544          3696 
 6546          3696 
 6548          3696 
 6550          3696 
 6552          3696 
 6554          3696 
 6556          3696 
 6558          3696 
 6560          3696 
 6562          3696 
 6564          3696 
 6566          3693 
 6568          3696 
 6570          3696 
 6572          3696 
 6574          3696 
 6576          3693 
 6578          3693 
 6580          3693 
 6582          3693 
 6584          3693 
 6586          3693 
 6588          3693 
 6590          3693 
 6592          3693 
 6594          3693 
 6596          3693 
 6598          3693 
 6600          3693 
 6602          3693 
 6604          3693 
 6606          3693 
 6608          3693 
 6610          3690 
 6612          3693 
 6614          3690 
 6616          3690 
 6618          3690 
 6620          3690 
 6622          3690 
 6624          3690 
 6626          3690 
 6628          3690 
 6630          3690 
 6632          3690 
 6634          3690 
 6636          3690 
 6638          3690 
 6640          3690 
 6642          3687 
 6644          3687 
 6646          3687 
 6648          3687 
 6650          3687 
 6652          3687 
 6654          3687 
 6656          3687 
 6658          3687 
 6660          3687 
 6662          3687 
 6664          3687 
 6666          3684 
 6668          3687 
 6670          3687 
 6672          3684 
 6674          3684 
 6676          3684 
 6678          3684 
 6680          3684 
 6682          3684 
 6684          3684 
 6686          3684 
 6688          3684 
 6690          3684 
 6692          3684 
 6694          3684 
 6696          3684 
 6698          3684 
 6700          3684 
 6702          3684 
 6704          3681 
 6706          3681 
 6708          3681 
 6710          3681 
 6712          3681 
 6714          3681 
 6716          3681 
 6718          3681 
 6720          3681 
 6722          3681 
 6724          3681 
 6726          3681 
 6728          3681 
 6730          3678 
 6732          3681 
 6734          3678 
 6736          3678 
 6738          3678 
 6740          3678 
 6742          3678 
 6744          3678 
 6746          3678 
 6748          3678 
 6750          3678 
 6752          3678 
 6754          3678 
 6756          3678 
 6758          3678 
 6760          3675 
 6762          3675 
 6764          3675 
 6766          3675 
 6768          3675 
 6770          3675 
 6772          3675 
 6774          3675 
 6776          3675 
 6778          3675 
 6780          3675 
 6782          3675 
 6784          3675 
 6786          3675 
 6788          3672 
 6790          3672 
 6792          3672 
 6794          3672 
 6796          3672 
 6798          3672 
 6800          3672 
 6802          3672 
 6804          3672 
 6806          3672 
 6808          3672 
 6810          3672 
 6812          3672 
 6814          3669 
 6816          3669 
 6818          3669 
 6820          3669 
 6822          3669 
 6824          3669 
 6826          3669 
 6828          3669 
 6830          3669 
 6832          3669 
 6834          3669 
 6836          3666 
 6838          3666 
 6840          3666 
 6842          3666 
 6844          3666 
 6846          3666 
 6848          3666 
 6850          3666 
 6852          3666 
 6854          3666 
 6856          3666 
 6858          3666 
 6860          3663 
 6862          3663 
 6864          3663 
 6866          3663 
 6868          3663 
 6870          3663 
 6872          3663 
 6874          3663 
 6876          3663 
 6878          3663 
 6880          3663 
 6882          3660 
 6884          3660 
 6886          3663 
 6888          3660 
 6890          3660 
 6892          3660 
 6894          3660 
 6896          3660 
 6898          3660 
 6900          3660 
 6902          3660 
 6904          3660 
 6906          3660 
 6908          3660 
 6910          3660 
 6912          3657 
 6914          3657 
 6916          3657 
 6918          3657 
 6920          3657 
 6922          3657 
 6924          3657 
 6926          3657 
 6928          3657 
 6930          3657 
 6932          3657 
 6934          3657 
 6936          3657 
 6938          3657 
 6940          3657 
 6942          3654 
 6944          3657 
 6946          3654 
 6948          3657 
 6950          3654 
 6952          3654 
 6954          3654 
 6956          3654 
 6958          3654 
 6960          3654 
 6962          3654 
 6964          3654 
 6966          3654 
 6968          3654 
 6970          3654 
 6972          3654 
 6974          3654 
 6976          3654 
 6978          3654 
 6980          3654 
 6982          3654 
 6984          3654 
 6986          3651 
 6988          3651 
 6990          3651 
 6992          3651 
 6994          3651 
 6996          3651 
 6998          3651 
 7000          3651 
 7002          3651 
 7004          3651 
 7006          3651 
 7008          3651 
 7010          3651 
 7012          3651 
 7014          3651 
 7016          3651 
 7018          3651 
 7020          3651 
 7022          3648 
 7024          3648 
 7026          3648 
 7028          3651 
 7030          3648 
 7032          3648 
 7034          3648 
 7036          3648 
 7038          3648 
 7040          3648 
 7042          3648 
 7044          3648 
 7046          3648 
 7048          3648 
 7050          3648 
 7052          3648 
 7054          3648 
 7056          3648 
 7058          3645 
 7060          3645 
 7062          3645 
 7064          3645 
 7066          3645 
 7068          3645 
 7070          3645 
 7072          3645 
 7074          3645 
 7076          3645 
 7078          3645 
 7080          3645 
 7082          3645 
 7084          3645 
 7086          3645 
 7088          3642 
 7090          3642 
 7092          3642 
 7094          3642 
 7096          3642 
 7098          3642 
 7100          3642 
 7102          3642 
 7104          3642 
 7106          3642 
 7108          3639 
 7110          3642 
 7112          3639 
 7114          3639 
 7116          3639 
 7118          3639 
 7120          3639 
 7122          3639 
 7124          3639 
 7126          3639 
 7128          3639 
 7130          3636 
 7132          3636 
 7134          3636 
 7136          3636 
 7138          3636 
 7140          3636 
 7142          3636 
 7144          3633 
 7146          3633 
 7148          3633 
 7150          3633 
 7152          3633 
 7154          3633 
 7156          3630 
 7158          3630 
 7160          3630 
 7162          3630 
 7164          3630 
 7166          3630 
 7168          3627 
 7170          3627 
 7172          3627 
 7174          3627 
 7176          3624 
 7178          3627 
 7180          3624 
 7182          3624 
 7184          3624 
 7186          3624 
 7188          3624 
 7190          3621 
 7192          3621 
 7194          3621 
 7196          3618 
 7198          3618 
 7200          3618 
 7202          3615 
 7204          3618 
 7206          3615 
 7208          3615 
 7210          3615 
 7212          3612 
 7214          3612 
 7216          3612 
 7218          3609 
 7220          3609 
 7222          3609 
 7224          3609 
 7226          3606 
 7228          3606 
 7230          3606 
 7232          3603 
 7234          3603 
 7236          3603 
 7238          3600 
 7240          3600 
 7242          3600 
 7244          3600 
 7246          3597 
 7248          3597 
 7250          3597 
 7252          3594 
 7254          3594 
 7256          3594 
 7258          3591 
 7260          3591 
 7262          3588 
 7264          3588 
 7266          3588 
 7268          3585 
 7270          3585 
 7272          3582 
 7274          3582 
 7276          3579 
 7278          3579 
 7280          3579 
 7282          3576 
 7284          3576 
 7286          3576 
 7288          3573 
 7290          3573 
 7292          3570 
 7294          3570 
 7296          3570 
 7298          3567 
 7300          3567 
 7302          3564 
 7304          3564 
 7306          3561 
 7308          3561 
 7310          3558 
 7312          3558 
 7314          3555 
 7316          3552 
 7318          3552 
 7320          3549 
 7322          3549 
 7324          3546 
 7326          3546 
 7328          3543 
 7330          3543 
 7332          3540 
 7334          3540 
 7336          3537 
 7338          3534 
 7340          3534 
 7342          3531 
 7344          3531 
 7346          3528 
 7348          3528 
 7350          3525 
 7352          3525 
 7354          3522 
 7356          3519 
 7358          3519 
 7360          3516 
 7362          3513 
 7364          3513 
 7366          3510 
 7368          3510 
 7370          3507 
 7372          3504 
 7374          3504 
 7376          3501 
 7378          3498 
 7380          3495 
 7382          3495 
 7384          3492 
 7386          3489 
 7388          3486 
 7390          3486 
 7392          3483 
 7394          3480 
 7396          3477 
 7398          3474 
 7400          3474 
 7402          3471 
 7404          3468 
 7406          3465 
 7408          3462 
 7410          3459 
 7412          3459 
 7414          3456 
 7416          3453 
 7418          3450 
 7420          3447 
 7422          3444 
 7424          3441 
 7426          3438 
 7428          3435 
 7430          3432 
 7432          3429 
 7434          3426 
 7436          3423 
 7438          3420 
 7440          3417 
 7442          3411 
 7444          3408 
 7446          3405 
 7448          3402 
 7450          3396 
 7452          3393 
 7454          3390 
 7456          3387 
 7458          3381 
 7460          3378 
 7462          3375 
 7464          3369 
 7466          3366 
 7468          3360 
 7470          3357 
 7472          3351 
 7474          3348 
 7476          3345 
 7478          3339 
 7480          3333 
 7482          3330 
 7484          3324 
 7486          3318 
 7488          3315 
 7490          3309 
 7492          3303 
 7494          3297 
 7496          3291 
 7498          3285 
 7500          3279 
 7502          3270 
 7504          3264 
 7506          3261 
 7508          3252 
 7510          3246 
 7512          3240 
 7514          3231 
 7516          3225 
 7518          3216 
 7520          3207 
 7522          3198 
 7524          3189 
 7526          3180 
 7528          3168 
 7530          3159 
 7532          3147 
 7534          3138 
 7536          3123 
 7538          3111 
 7540          3099 
 7542          3081 
 7544          3066 
 7546          3051 
 7548          3033 
 7550          3012 
 7552          2991 
 7554          2970 
 7556          2943 
 7558          2916 
 7560          2889 
 7562          2859 
 7564          2826 
 7566          2790 
 7568          2751 
 7570          2706 
 7572          2652 
 7574          2589 
