t[s]          U[mV]
 0             2913 
 2             3051 
 4             3105 
 6             3153 
 8             3195 
 10            3234 
 12            3267 
 14            3297 
 16            3327 
 18            3351 
 20            3375 
 22            3396 
 24            3414 
 26            3432 
 28            3450 
 30            3465 
 32            3480 
 34            3495 
 36            3507 
 38            3519 
 40            3531 
 42            3543 
 44            3552 
 46            3564 
 48            3576 
 50            3585 
 52            3594 
 54            3600 
 56            3609 
 58            3618 
 60            3627 
 62            3633 
 64            3642 
 66            3648 
 68            3654 
 70            3660 
 72            3666 
 74            3672 
 76            3678 
 78            3684 
 80            3690 
 82            3696 
 84            3702 
 86            3708 
 88            3711 
 90            3717 
 92            3723 
 94            3729 
 96            3732 
 98            3738 
 100           3741 
 102           3747 
 104           3750 
 106           3756 
 108           3759 
 110           3762 
 112           3768 
 114           3771 
 116           3774 
 118           3780 
 120           3783 
 122           3789 
 124           3792 
 126           3795 
 128           3798 
 130           3801 
 132           3804 
 134           3807 
 136           3810 
 138           3813 
 140           3813 
 142           3816 
 144           3819 
 146           3819 
 148           3822 
 150           3822 
 152           3825 
 154           3825 
 156           3828 
 158           3828 
 160           3828 
 162           3831 
 164           3831 
 166           3831 
 168           3834 
 170           3834 
 172           3834 
 174           3834 
 176           3837 
 178           3837 
 180           3837 
 182           3837 
 184           3837 
 186           3837 
 188           3840 
 190           3840 
 192           3840 
 194           3840 
 196           3840 
 198           3843 
 200           3843 
 202           3843 
 204           3843 
 206           3846 
 208           3846 
 210           3846 
 212           3846 
 214           3846 
 216           3846 
 218           3849 
 220           3849 
 222           3849 
 224           3849 
 226           3852 
 228           3852 
 230           3852 
 232           3852 
 234           3852 
 236           3855 
 238           3855 
 240           3855 
 242           3855 
 244           3855 
 246           3858 
 248           3858 
 250           3858 
 252           3858 
 254           3858 
 256           3861 
 258           3861 
 260           3861 
 262           3861 
 264           3864 
 266           3864 
 268           3864 
 270           3864 
 272           3867 
 274           3867 
 276           3867 
 278           3867 
 280           3867 
 282           3870 
 284           3870 
 286           3870 
 288           3870 
 290           3870 
 292           3873 
 294           3873 
 296           3873 
 298           3873 
 300           3876 
 302           3876 
 304           3876 
 306           3876 
 308           3876 
 310           3879 
 312           3879 
 314           3879 
 316           3879 
 318           3882 
 320           3879 
 322           3882 
 324           3882 
 326           3882 
 328           3882 
 330           3885 
 332           3885 
 334           3885 
 336           3885 
 338           3885 
 340           3885 
 342           3888 
 344           3888 
 346           3888 
 348           3888 
 350           3888 
 352           3891 
 354           3891 
 356           3891 
 358           3891 
 360           3891 
 362           3891 
 364           3894 
 366           3894 
 368           3894 
 370           3894 
 372           3894 
 374           3894 
 376           3897 
 378           3897 
 380           3897 
 382           3897 
 384           3897 
 386           3897 
 388           3900 
 390           3900 
 392           3900 
 394           3900 
 396           3900 
 398           3900 
 400           3903 
 402           3903 
 404           3903 
 406           3903 
 408           3903 
 410           3906 
 412           3906 
 414           3906 
 416           3906 
 418           3906 
 420           3906 
 422           3906 
 424           3909 
 426           3909 
 428           3909 
 430           3909 
 432           3909 
 434           3909 
 436           3909 
 438           3909 
 440           3909 
 442           3912 
 444           3912 
 446           3912 
 448           3912 
 450           3912 
 452           3912 
 454           3912 
 456           3912 
 458           3915 
 460           3915 
 462           3915 
 464           3915 
 466           3915 
 468           3915 
 470           3915 
 472           3915 
 474           3915 
 476           3915 
 478           3915 
 480           3918 
 482           3918 
 484           3918 
 486           3918 
 488           3918 
 490           3918 
 492           3918 
 494           3918 
 496           3918 
 498           3918 
 500           3918 
 502           3918 
 504           3921 
 506           3918 
 508           3921 
 510           3921 
 512           3921 
 514           3921 
 516           3921 
 518           3921 
 520           3921 
 522           3921 
 524           3921 
 526           3921 
 528           3921 
 530           3924 
 532           3924 
 534           3924 
 536           3924 
 538           3924 
 540           3924 
 542           3924 
 544           3924 
 546           3924 
 548           3924 
 550           3924 
 552           3924 
 554           3924 
 556           3924 
 558           3924 
 560           3927 
 562           3927 
 564           3927 
 566           3927 
 568           3927 
 570           3927 
 572           3927 
 574           3927 
 576           3927 
 578           3927 
 580           3927 
 582           3927 
 584           3927 
 586           3927 
 588           3927 
 590           3930 
 592           3930 
 594           3930 
 596           3930 
 598           3930 
 600           3930 
 602           3930 
 604           3930 
 606           3930 
 608           3930 
 610           3930 
 612           3933 
 614           3933 
 616           3933 
 618           3933 
 620           3933 
 622           3933 
 624           3933 
 626           3933 
 628           3933 
 630           3933 
 632           3933 
 634           3933 
 636           3933 
 638           3933 
 640           3933 
 642           3936 
 644           3936 
 646           3936 
 648           3936 
 650           3936 
 652           3936 
 654           3936 
 656           3936 
 658           3936 
 660           3936 
 662           3939 
 664           3936 
 666           3939 
 668           3939 
 670           3939 
 672           3939 
 674           3939 
 676           3939 
 678           3939 
 680           3939 
 682           3939 
 684           3939 
 686           3939 
 688           3942 
 690           3942 
 692           3942 
 694           3942 
 696           3942 
 698           3942 
 700           3942 
 702           3942 
 704           3942 
 706           3942 
 708           3942 
 710           3945 
 712           3945 
 714           3945 
 716           3945 
 718           3945 
 720           3945 
 722           3945 
 724           3945 
 726           3945 
 728           3945 
 730           3948 
 732           3948 
 734           3948 
 736           3948 
 738           3948 
 740           3948 
 742           3948 
 744           3948 
 746           3948 
 748           3951 
 750           3948 
 752           3951 
 754           3951 
 756           3951 
 758           3951 
 760           3951 
 762           3951 
 764           3951 
 766           3951 
 768           3954 
 770           3951 
 772           3954 
 774           3954 
 776           3954 
 778           3954 
 780           3954 
 782           3954 
 784           3954 
 786           3957 
 788           3957 
 790           3957 
 792           3957 
 794           3957 
 796           3957 
 798           3957 
 800           3957 
 802           3957 
 804           3960 
 806           3960 
 808           3960 
 810           3960 
 812           3960 
 814           3960 
 816           3960 
 818           3963 
 820           3963 
 822           3963 
 824           3963 
 826           3963 
 828           3963 
 830           3963 
 832           3963 
 834           3963 
 836           3966 
 838           3966 
 840           3966 
 842           3966 
 844           3966 
 846           3966 
 848           3966 
 850           3966 
 852           3966 
 854           3969 
 856           3969 
 858           3969 
 860           3969 
 862           3969 
 864           3972 
 866           3972 
 868           3972 
 870           3972 
 872           3972 
 874           3972 
 876           3972 
 878           3972 
 880           3975 
 882           3975 
 884           3975 
 886           3975 
 888           3975 
 890           3975 
 892           3975 
 894           3975 
 896           3978 
 898           3978 
 900           3978 
 902           3978 
 904           3978 
 906           3981 
 908           3981 
 910           3981 
 912           3981 
 914           3981 
 916           3981 
 918           3981 
 920           3984 
 922           3984 
 924           3984 
 926           3984 
 928           3984 
 930           3984 
 932           3984 
 934           3987 
 936           3987 
 938           3987 
 940           3987 
 942           3987 
 944           3987 
 946           3987 
 948           3990 
 950           3990 
 952           3990 
 954           3990 
 956           3990 
 958           3990 
 960           3993 
 962           3993 
 964           3993 
 966           3993 
 968           3993 
 970           3996 
 972           3996 
 974           3996 
 976           3996 
 978           3996 
 980           3996 
 982           3999 
 984           3996 
 986           3999 
 988           3999 
 990           3999 
 992           3999 
 994           3999 
 996           4002 
 998           4002 
 1000          4002 
 1002          4002 
 1004          4002 
 1006          4005 
 1008          4005 
 1010          4005 
 1012          4005 
 1014          4005 
 1016          4005 
 1018          4008 
 1020          4008 
 1022          4008 
 1024          4008 
 1026          4008 
 1028          4008 
 1030          4011 
 1032          4011 
 1034          4011 
 1036          4011 
 1038          4011 
 1040          4014 
 1042          4014 
 1044          4014 
 1046          4014 
 1048          4014 
 1050          4017 
 1052          4017 
 1054          4017 
 1056          4017 
 1058          4017 
 1060          4017 
 1062          4017 
 1064          4020 
 1066          4020 
 1068          4020 
 1070          4020 
 1072          4023 
 1074          4023 
 1076          4023 
 1078          4023 
 1080          4023 
 1082          4023 
 1084          4026 
 1086          4026 
 1088          4026 
 1090          4026 
 1092          4026 
 1094          4029 
 1096          4029 
 1098          4029 
 1100          4029 
 1102          4029 
 1104          4032 
 1106          4029 
 1108          4032 
 1110          4032 
 1112          4032 
 1114          4032 
 1116          4032 
 1118          4035 
 1120          4035 
 1122          4035 
 1124          4035 
 1126          4035 
 1128          4038 
 1130          4038 
 1132          4038 
 1134          4038 
 1136          4041 
 1138          4041 
 1140          4041 
 1142          4041 
 1144          4041 
 1146          4041 
 1148          4044 
 1150          4044 
 1152          4044 
 1154          4044 
 1156          4047 
 1158          4047 
 1160          4047 
 1162          4047 
 1164          4047 
 1166          4047 
 1168          4050 
 1170          4050 
 1172          4050 
 1174          4050 
 1176          4053 
 1178          4053 
 1180          4053 
 1182          4056 
 1184          4056 
 1186          4056 
 1188          4056 
 1190          4056 
 1192          4059 
 1194          4059 
 1196          4059 
 1198          4059 
 1200          4059 
 1202          4062 
 1204          4062 
 1206          4062 
 1208          4062 
 1210          4062 
 1212          4065 
 1214          4065 
 1216          4065 
 1218          4065 
 1220          4068 
 1222          4068 
 1224          4068 
 1226          4068 
 1228          4071 
 1230          4071 
 1232          4071 
 1234          4071 
 1236          4071 
 1238          4071 
 1240          4074 
 1242          4074 
 1244          4074 
 1246          4077 
 1248          4077 
 1250          4077 
 1252          4077 
 1254          4080 
 1256          4080 
 1258          4080 
 1260          4080 
 1262          4080 
 1264          4083 
 1266          4083 
 1268          4083 
 1270          4083 
 1272          4083 
 1274          4086 
 1276          4086 
 1278          4086 
 1280          4086 
 1282          4086 
 1284          4089 
 1286          4089 
 1288          4089 
 1290          4089 
 1292          4089 
 1294          4092 
 1296          4092 
 1298          4092 
 1300          4092 
 1302          4092 
 1304          4095 
 1306          4095 
 1308          4095 
 1310          4095 
 1312          4098 
 1314          4098 
 1316          4098 
 1318          4098 
 1320          4101 
 1322          4101 
 1324          4101 
 1326          4104 
 1328          4104 
 1330          4104 
 1332          4104 
 1334          4104 
 1336          4107 
 1338          4107 
 1340          4107 
 1342          4107 
 1344          4107 
 1346          4110 
 1348          4110 
 1350          4113 
 1352          4113 
 1354          4113 
 1356          4113 
 1358          4116 
 1360          4116 
 1362          4116 
 1364          4119 
 1366          4119 
 1368          4119 
 1370          4119 
 1372          4122 
 1374          4122 
 1376          4122 
 1378          4125 
 1380          4125 
 1382          4125 
 1384          4128 
 1386          4128 
 1388          4128 
 1390          4131 
 1392          4131 
 1394          4131 
 1396          4134 
 1398          4134 
 1400          4134 
 1402          4137 
 1404          4137 
 1406          4140 
 1408          4140 
 1410          4140 
 1412          4143 
 1414          4143 
 1416          4146 
 1418          4146 
 1420          4146 
 1422          4149 
 1424          4149 
 1426          4152 
 1428          4152 
 1430          4152 
 1432          4155 
 1434          4155 
 1436          4158 
 1438          4158 
 1440          4161 
 1442          4161 
 1444          4164 
 1446          4164 
 1448          4167 
 1450          4167 
 1452          4170 
 1454          4170 
 1456          4170 
 1458          4173 
 1460          4173 
 1462          4176 
 1464          4176 
 1466          4179 
 1468          4179 
 1470          4182 
 1472          4182 
 1474          4182 
 1476          4185 
 1478          4185 
 1480          4188 
 1482          4188 
 1484          4191 
 1486          4191 
 1488          4194 
 1490          4194 
 1492          4197 
 1494          4197 
 1496          4197 
 1498          4200 
 1500          4200 
 1502          4203 
