t[s]          U[mV]
 1504          4143 
 1506          4134 
 1508          4128 
 1510          4122 
 1512          4119 
 1514          4116 
 1516          4116 
 1518          4113 
 1520          4110 
 1522          4110 
 1524          4107 
 1526          4107 
 1528          4104 
 1530          4104 
 1532          4104 
 1534          4101 
 1536          4101 
 1538          4101 
 1540          4101 
 1542          4098 
 1544          4098 
 1546          4098 
 1548          4098 
 1550          4098 
 1552          4098 
 1554          4098 
 1556          4095 
 1558          4095 
 1560          4095 
 1562          4095 
 1564          4095 
 1566          4095 
 1568          4095 
 1570          4095 
 1572          4095 
 1574          4095 
 1576          4092 
 1578          4092 
 1580          4092 
 1582          4092 
 1584          4092 
 1586          4092 
 1588          4092 
 1590          4092 
 1592          4092 
 1594          4092 
 1596          4092 
 1598          4092 
 1600          4092 
 1602          4089 
 1604          4089 
 1606          4089 
 1608          4089 
 1610          4089 
 1612          4089 
 1614          4089 
 1616          4089 
 1618          4089 
 1620          4089 
 1622          4089 
 1624          4089 
 1626          4089 
 1628          4089 
 1630          4089 
 1632          4089 
 1634          4089 
 1636          4089 
 1638          4089 
 1640          4089 
 1642          4089 
 1644          4089 
 1646          4089 
 1648          4089 
 1650          4089 
 1652          4089 
 1654          4086 
 1656          4086 
 1658          4089 
 1660          4086 
 1662          4086 
 1664          4089 
 1666          4086 
 1668          4086 
 1670          4086 
 1672          4086 
 1674          4086 
 1676          4086 
 1678          4086 
 1680          4086 
 1682          4086 
 1684          4086 
 1686          4086 
 1688          4086 
 1690          4086 
 1692          4086 
 1694          4086 
 1696          4086 
 1698          4086 
 1700          4086 
 1702          4086 
 1704          4086 
 1706          4086 
 1708          4086 
 1710          4086 
 1712          4086 
 1714          4086 
 1716          4086 
 1718          4086 
 1720          4086 
 1722          4086 
 1724          4086 
 1726          4086 
 1728          4086 
 1730          4086 
 1732          4086 
 1734          4086 
 1736          4086 
 1738          4086 
 1740          4086 
 1742          4086 
 1744          4086 
 1746          4086 
 1748          4086 
 1750          4086 
 1752          4086 
 1754          4086 
 1756          4086 
 1758          4086 
 1760          4086 
 1762          4086 
 1764          4083 
 1766          4086 
 1768          4086 
 1770          4083 
 1772          4083 
 1774          4086 
 1776          4086 
 1778          4086 
 1780          4086 
 1782          4083 
 1784          4086 
 1786          4086 
 1788          4083 
 1790          4083 
 1792          4086 
 1794          4083 
 1796          4086 
 1798          4086 
 1800          4086 
 1802          4083 
 1804          4083 
 1806          4083 
 1808          4083 
 1810          4083 
 1812          4083 
 1814          4083 
 1816          4083 
 1818          4083 
 1820          4083 
 1822          4083 
 1824          4083 
 1826          4083 
 1828          4083 
 1830          4083 
 1832          4083 
 1834          4083 
 1836          4083 
 1838          4083 
 1840          4083 
 1842          4083 
 1844          4083 
 1846          4083 
 1848          4083 
 1850          4083 
 1852          4083 
 1854          4083 
 1856          4083 
 1858          4083 
 1860          4083 
 1862          4083 
 1864          4083 
 1866          4083 
 1868          4083 
 1870          4083 
 1872          4083 
 1874          4083 
 1876          4083 
 1878          4083 
 1880          4083 
 1882          4083 
 1884          4083 
 1886          4083 
 1888          4083 
 1890          4083 
 1892          4083 
 1894          4083 
 1896          4083 
 1898          4083 
 1900          4083 
 1902          4083 
 1904          4083 
 1906          4083 
 1908          4083 
 1910          4083 
 1912          4083 
 1914          4083 
 1916          4083 
 1918          4083 
 1920          4083 
 1922          4083 
 1924          4083 
 1926          4083 
 1928          4083 
 1930          4083 
 1932          4083 
 1934          4083 
 1936          4083 
 1938          4083 
 1940          4083 
 1942          4083 
 1944          4083 
 1946          4083 
 1948          4083 
 1950          4083 
 1952          4083 
 1954          4083 
 1956          4083 
 1958          4083 
 1960          4083 
 1962          4083 
 1964          4083 
 1966          4083 
 1968          4083 
 1970          4083 
 1972          4083 
 1974          4083 
 1976          4083 
 1978          4083 
 1980          4083 
 1982          4083 
 1984          4083 
 1986          4083 
 1988          4083 
 1990          4083 
 1992          4083 
 1994          4083 
 1996          4083 
 1998          4083 
 2000          4083 
 2002          4083 
 2004          4083 
 2006          4083 
 2008          4083 
 2010          4083 
 2012          4083 
 2014          4083 
 2016          4083 
 2018          4083 
 2020          4083 
 2022          4083 
 2024          4083 
 2026          4083 
 2028          4083 
 2030          4083 
 2032          4083 
 2034          4083 
 2036          4083 
 2038          4083 
 2040          4083 
 2042          4083 
 2044          4083 
 2046          4083 
 2048          4083 
 2050          4083 
 2052          4083 
 2054          4083 
 2056          4083 
 2058          4083 
 2060          4083 
 2062          4083 
 2064          4083 
 2066          4083 
 2068          4083 
 2070          4083 
 2072          4083 
 2074          4083 
 2076          4083 
 2078          4083 
 2080          4083 
 2082          4083 
 2084          4080 
 2086          4083 
 2088          4083 
 2090          4083 
 2092          4083 
 2094          4083 
 2096          4083 
 2098          4083 
 2100          4083 
 2102          4083 
 2104          4083 
