t[s]          U[mV]
 2106          4023 
 2108          4014 
 2110          4005 
 2112          4002 
 2114          3996 
 2116          3993 
 2118          3990 
 2120          3987 
 2122          3987 
 2124          3984 
 2126          3981 
 2128          3978 
 2130          3978 
 2132          3975 
 2134          3975 
 2136          3972 
 2138          3969 
 2140          3969 
 2142          3966 
 2144          3966 
 2146          3963 
 2148          3963 
 2150          3960 
 2152          3960 
 2154          3957 
 2156          3957 
 2158          3954 
 2160          3954 
 2162          3951 
 2164          3951 
 2166          3948 
 2168          3948 
 2170          3945 
 2172          3945 
 2174          3942 
 2176          3942 
 2178          3939 
 2180          3939 
 2182          3939 
 2184          3936 
 2186          3936 
 2188          3933 
 2190          3933 
 2192          3933 
 2194          3930 
 2196          3927 
 2198          3927 
 2200          3927 
 2202          3924 
 2204          3924 
 2206          3924 
 2208          3921 
 2210          3921 
 2212          3918 
 2214          3918 
 2216          3918 
 2218          3915 
 2220          3915 
 2222          3915 
 2224          3912 
 2226          3912 
 2228          3912 
 2230          3909 
 2232          3909 
 2234          3909 
 2236          3906 
 2238          3906 
 2240          3906 
 2242          3903 
 2244          3903 
 2246          3903 
 2248          3903 
 2250          3903 
 2252          3900 
 2254          3900 
 2256          3897 
 2258          3897 
 2260          3897 
 2262          3897 
 2264          3894 
 2266          3894 
 2268          3894 
 2270          3894 
 2272          3891 
 2274          3891 
 2276          3891 
 2278          3891 
 2280          3888 
 2282          3888 
 2284          3888 
 2286          3888 
 2288          3885 
 2290          3885 
 2292          3885 
 2294          3885 
 2296          3882 
 2298          3882 
 2300          3882 
 2302          3882 
 2304          3882 
 2306          3879 
 2308          3879 
 2310          3879 
 2312          3879 
 2314          3876 
 2316          3876 
 2318          3876 
 2320          3873 
 2322          3873 
 2324          3873 
 2326          3873 
 2328          3870 
 2330          3870 
 2332          3870 
 2334          3870 
 2336          3870 
 2338          3867 
 2340          3867 
 2342          3867 
 2344          3867 
 2346          3867 
 2348          3864 
 2350          3864 
 2352          3864 
 2354          3861 
 2356          3861 
 2358          3861 
 2360          3861 
 2362          3858 
 2364          3858 
 2366          3858 
 2368          3858 
 2370          3855 
 2372          3855 
 2374          3855 
 2376          3855 
 2378          3855 
 2380          3852 
 2382          3852 
 2384          3852 
 2386          3849 
 2388          3849 
 2390          3849 
 2392          3846 
 2394          3846 
 2396          3846 
 2398          3846 
 2400          3846 
 2402          3843 
 2404          3843 
 2406          3843 
 2408          3840 
 2410          3840 
 2412          3840 
 2414          3837 
 2416          3837 
 2418          3837 
 2420          3837 
 2422          3834 
 2424          3834 
 2426          3834 
 2428          3834 
 2430          3831 
 2432          3831 
 2434          3831 
 2436          3831 
 2438          3828 
 2440          3828 
 2442          3828 
 2444          3828 
 2446          3825 
 2448          3825 
 2450          3825 
 2452          3825 
 2454          3825 
 2456          3822 
 2458          3822 
 2460          3822 
 2462          3819 
 2464          3819 
 2466          3819 
 2468          3819 
 2470          3816 
 2472          3816 
 2474          3816 
 2476          3813 
 2478          3813 
 2480          3813 
 2482          3813 
 2484          3813 
 2486          3810 
 2488          3810 
 2490          3810 
 2492          3807 
 2494          3807 
 2496          3807 
 2498          3807 
 2500          3807 
 2502          3804 
 2504          3804 
 2506          3804 
 2508          3804 
 2510          3801 
 2512          3801 
 2514          3801 
 2516          3798 
 2518          3798 
 2520          3798 
 2522          3798 
 2524          3795 
 2526          3795 
 2528          3795 
 2530          3795 
 2532          3792 
 2534          3792 
 2536          3792 
 2538          3792 
 2540          3792 
 2542          3789 
 2544          3789 
 2546          3789 
 2548          3786 
 2550          3786 
 2552          3786 
 2554          3786 
 2556          3786 
 2558          3783 
 2560          3783 
 2562          3783 
 2564          3783 
 2566          3780 
 2568          3780 
 2570          3780 
 2572          3780 
 2574          3777 
 2576          3777 
 2578          3777 
 2580          3777 
 2582          3774 
 2584          3774 
 2586          3774 
 2588          3774 
 2590          3774 
 2592          3771 
 2594          3771 
 2596          3771 
 2598          3768 
 2600          3768 
 2602          3768 
 2604          3765 
 2606          3768 
 2608          3765 
 2610          3765 
 2612          3765 
 2614          3765 
 2616          3765 
 2618          3762 
 2620          3762 
 2622          3762 
 2624          3762 
 2626          3762 
 2628          3759 
 2630          3759 
 2632          3759 
 2634          3759 
 2636          3756 
 2638          3756 
 2640          3756 
 2642          3756 
 2644          3756 
 2646          3756 
 2648          3753 
 2650          3753 
 2652          3753 
 2654          3753 
 2656          3753 
 2658          3753 
 2660          3750 
 2662          3750 
 2664          3750 
 2666          3750 
 2668          3750 
 2670          3747 
 2672          3747 
 2674          3747 
 2676          3747 
 2678          3747 
 2680          3747 
 2682          3744 
 2684          3744 
 2686          3744 
 2688          3744 
 2690          3741 
 2692          3744 
 2694          3741 
 2696          3741 
 2698          3741 
 2700          3741 
 2702          3741 
 2704          3738 
 2706          3738 
 2708          3738 
 2710          3738 
 2712          3738 
 2714          3738 
 2716          3735 
 2718          3735 
 2720          3735 
 2722          3735 
 2724          3735 
 2726          3732 
 2728          3732 
 2730          3732 
 2732          3732 
 2734          3732 
 2736          3732 
 2738          3732 
 2740          3729 
 2742          3732 
 2744          3729 
 2746          3726 
 2748          3726 
 2750          3729 
 2752          3726 
 2754          3726 
 2756          3726 
 2758          3726 
 2760          3726 
 2762          3726 
 2764          3726 
 2766          3723 
 2768          3723 
 2770          3723 
 2772          3723 
 2774          3723 
 2776          3723 
 2778          3720 
 2780          3720 
 2782          3720 
 2784          3720 
 2786          3720 
 2788          3720 
 2790          3717 
 2792          3717 
 2794          3717 
 2796          3717 
 2798          3717 
 2800          3717 
 2802          3717 
 2804          3714 
 2806          3714 
 2808          3714 
 2810          3714 
 2812          3714 
 2814          3711 
 2816          3714 
 2818          3711 
 2820          3711 
 2822          3711 
 2824          3711 
 2826          3711 
 2828          3711 
 2830          3708 
 2832          3708 
 2834          3708 
 2836          3708 
 2838          3708 
 2840          3708 
 2842          3708 
 2844          3708 
 2846          3705 
 2848          3705 
 2850          3705 
 2852          3705 
 2854          3705 
 2856          3705 
 2858          3702 
 2860          3702 
 2862          3702 
 2864          3702 
 2866          3702 
 2868          3702 
 2870          3702 
 2872          3702 
 2874          3702 
 2876          3699 
 2878          3699 
 2880          3699 
 2882          3699 
 2884          3699 
 2886          3699 
 2888          3699 
 2890          3696 
 2892          3696 
 2894          3696 
 2896          3696 
 2898          3696 
 2900          3696 
 2902          3696 
 2904          3696 
 2906          3693 
 2908          3693 
 2910          3693 
 2912          3693 
 2914          3693 
 2916          3693 
 2918          3690 
 2920          3690 
 2922          3693 
 2924          3690 
 2926          3690 
 2928          3690 
 2930          3690 
 2932          3690 
 2934          3690 
 2936          3687 
 2938          3687 
 2940          3687 
 2942          3687 
 2944          3687 
 2946          3687 
 2948          3687 
 2950          3687 
 2952          3684 
 2954          3687 
 2956          3687 
 2958          3684 
 2960          3684 
 2962          3684 
 2964          3684 
 2966          3684 
 2968          3681 
 2970          3681 
 2972          3681 
 2974          3681 
 2976          3681 
 2978          3681 
 2980          3681 
 2982          3681 
 2984          3681 
 2986          3678 
 2988          3678 
 2990          3678 
 2992          3678 
 2994          3678 
 2996          3678 
 2998          3678 
 3000          3678 
 3002          3678 
 3004          3675 
 3006          3675 
 3008          3675 
 3010          3675 
 3012          3675 
 3014          3675 
 3016          3675 
 3018          3672 
 3020          3672 
 3022          3672 
 3024          3672 
 3026          3672 
 3028          3672 
 3030          3672 
 3032          3669 
 3034          3672 
 3036          3669 
 3038          3669 
 3040          3669 
 3042          3669 
 3044          3669 
 3046          3669 
 3048          3669 
 3050          3669 
 3052          3669 
 3054          3666 
 3056          3666 
 3058          3666 
 3060          3666 
 3062          3666 
 3064          3666 
 3066          3666 
 3068          3666 
 3070          3663 
 3072          3663 
 3074          3663 
 3076          3663 
 3078          3663 
 3080          3663 
 3082          3663 
 3084          3663 
 3086          3663 
 3088          3660 
 3090          3660 
 3092          3660 
 3094          3660 
 3096          3660 
 3098          3660 
 3100          3660 
 3102          3660 
 3104          3660 
 3106          3660 
 3108          3657 
 3110          3657 
 3112          3657 
 3114          3657 
 3116          3657 
 3118          3657 
 3120          3657 
 3122          3657 
 3124          3654 
 3126          3657 
 3128          3654 
 3130          3654 
 3132          3654 
 3134          3654 
 3136          3654 
 3138          3654 
 3140          3654 
 3142          3654 
 3144          3651 
 3146          3651 
 3148          3651 
 3150          3651 
 3152          3651 
 3154          3651 
 3156          3651 
 3158          3651 
 3160          3651 
 3162          3651 
 3164          3648 
 3166          3648 
 3168          3648 
 3170          3648 
 3172          3648 
 3174          3648 
 3176          3648 
 3178          3648 
 3180          3645 
 3182          3645 
 3184          3645 
 3186          3645 
 3188          3645 
 3190          3645 
 3192          3645 
 3194          3645 
 3196          3645 
 3198          3645 
 3200          3642 
 3202          3642 
 3204          3642 
 3206          3642 
 3208          3642 
 3210          3642 
 3212          3639 
 3214          3639 
 3216          3639 
 3218          3639 
 3220          3639 
 3222          3639 
 3224          3636 
 3226          3639 
 3228          3636 
 3230          3636 
 3232          3636 
 3234          3636 
 3236          3636 
 3238          3636 
 3240          3633 
 3242          3633 
 3244          3633 
 3246          3633 
 3248          3633 
 3250          3633 
 3252          3633 
 3254          3630 
 3256          3630 
 3258          3630 
 3260          3630 
 3262          3630 
 3264          3630 
 3266          3630 
 3268          3630 
 3270          3627 
 3272          3627 
 3274          3627 
 3276          3627 
 3278          3627 
 3280          3624 
 3282          3624 
 3284          3624 
 3286          3624 
 3288          3624 
 3290          3624 
 3292          3624 
 3294          3621 
 3296          3624 
 3298          3621 
 3300          3621 
 3302          3621 
 3304          3621 
 3306          3621 
 3308          3618 
 3310          3618 
 3312          3618 
 3314          3618 
 3316          3618 
 3318          3615 
 3320          3615 
 3322          3615 
 3324          3615 
 3326          3615 
 3328          3615 
 3330          3615 
 3332          3612 
 3334          3612 
 3336          3612 
 3338          3612 
 3340          3612 
 3342          3609 
 3344          3609 
 3346          3609 
 3348          3609 
 3350          3609 
 3352          3609 
 3354          3609 
 3356          3606 
 3358          3606 
 3360          3606 
 3362          3603 
 3364          3603 
 3366          3603 
 3368          3603 
 3370          3603 
 3372          3603 
 3374          3600 
 3376          3600 
 3378          3600 
 3380          3600 
 3382          3600 
 3384          3597 
 3386          3597 
 3388          3597 
 3390          3594 
 3392          3594 
 3394          3594 
 3396          3594 
 3398          3594 
 3400          3591 
 3402          3591 
 3404          3591 
 3406          3588 
 3408          3588 
 3410          3588 
 3412          3585 
 3414          3585 
 3416          3585 
 3418          3582 
 3420          3582 
 3422          3582 
 3424          3579 
 3426          3579 
 3428          3576 
 3430          3576 
 3432          3576 
 3434          3573 
 3436          3573 
 3438          3570 
 3440          3570 
 3442          3570 
 3444          3567 
 3446          3567 
 3448          3564 
 3450          3561 
 3452          3561 
 3454          3561 
 3456          3558 
 3458          3555 
 3460          3555 
 3462          3552 
 3464          3549 
 3466          3549 
 3468          3546 
 3470          3543 
 3472          3543 
 3474          3540 
 3476          3540 
 3478          3537 
 3480          3534 
 3482          3534 
 3484          3531 
 3486          3528 
 3488          3528 
 3490          3525 
 3492          3522 
 3494          3519 
 3496          3519 
 3498          3516 
 3500          3513 
 3502          3510 
 3504          3507 
 3506          3504 
 3508          3504 
 3510          3501 
 3512          3498 
 3514          3495 
 3516          3492 
 3518          3489 
 3520          3486 
 3522          3483 
 3524          3480 
 3526          3474 
 3528          3474 
 3530          3468 
 3532          3465 
 3534          3462 
 3536          3459 
 3538          3456 
 3540          3450 
 3542          3447 
 3544          3444 
 3546          3438 
 3548          3435 
 3550          3429 
 3552          3426 
 3554          3423 
 3556          3417 
 3558          3411 
 3560          3408 
 3562          3402 
 3564          3396 
 3566          3390 
 3568          3384 
 3570          3381 
 3572          3375 
 3574          3366 
 3576          3360 
 3578          3354 
 3580          3345 
 3582          3339 
 3584          3330 
 3586          3321 
 3588          3315 
 3590          3306 
 3592          3297 
 3594          3285 
 3596          3276 
 3598          3264 
 3600          3255 
 3602          3243 
 3604          3231 
 3606          3216 
 3608          3201 
 3610          3186 
 3612          3168 
 3614          3150 
 3616          3132 
 3618          3111 
 3620          3087 
 3622          3060 
 3624          3027 
 3626          2991 
 3628          2949 
 3630          2895 
 3632          2832 
 3634          2757 
 3636          2658 
 3638          2520 
