t[s]          U[mV]
 0             2913 
 2             3051 
 4             3105 
 6             3153 
 8             3195 
 10            3234 
 12            3267 
 14            3297 
 16            3327 
 18            3351 
 20            3375 
 22            3396 
 24            3414 
 26            3432 
 28            3450 
 30            3465 
 32            3480 
 34            3495 
 36            3507 
 38            3519 
 40            3531 
 42            3543 
 44            3552 
 46            3564 
 48            3576 
 50            3585 
 52            3594 
 54            3600 
 56            3609 
 58            3618 
 60            3627 
 62            3633 
 64            3642 
 66            3648 
 68            3654 
 70            3660 
 72            3666 
 74            3672 
 76            3678 
 78            3684 
 80            3690 
 82            3696 
 84            3702 
 86            3708 
 88            3711 
 90            3717 
 92            3723 
 94            3729 
 96            3732 
 98            3738 
 100           3741 
 102           3747 
 104           3750 
 106           3756 
 108           3759 
 110           3762 
 112           3768 
 114           3771 
 116           3774 
 118           3780 
 120           3783 
 122           3789 
 124           3792 
 126           3795 
 128           3798 
 130           3801 
 132           3804 
 134           3807 
 136           3810 
 138           3813 
 140           3813 
 142           3816 
 144           3819 
 146           3819 
 148           3822 
 150           3822 
 152           3825 
 154           3825 
 156           3828 
 158           3828 
 160           3828 
 162           3831 
 164           3831 
 166           3831 
 168           3834 
 170           3834 
 172           3834 
 174           3834 
 176           3837 
 178           3837 
 180           3837 
 182           3837 
 184           3837 
 186           3837 
 188           3840 
 190           3840 
 192           3840 
 194           3840 
 196           3840 
 198           3843 
 200           3843 
 202           3843 
 204           3843 
 206           3846 
 208           3846 
 210           3846 
 212           3846 
 214           3846 
 216           3846 
 218           3849 
 220           3849 
 222           3849 
 224           3849 
 226           3852 
 228           3852 
 230           3852 
 232           3852 
 234           3852 
 236           3855 
 238           3855 
 240           3855 
 242           3855 
 244           3855 
 246           3858 
 248           3858 
 250           3858 
 252           3858 
 254           3858 
 256           3861 
 258           3861 
 260           3861 
 262           3861 
 264           3864 
 266           3864 
 268           3864 
 270           3864 
 272           3867 
 274           3867 
 276           3867 
 278           3867 
 280           3867 
 282           3870 
 284           3870 
 286           3870 
 288           3870 
 290           3870 
 292           3873 
 294           3873 
 296           3873 
 298           3873 
 300           3876 
 302           3876 
 304           3876 
 306           3876 
 308           3876 
 310           3879 
 312           3879 
 314           3879 
 316           3879 
 318           3882 
 320           3879 
 322           3882 
 324           3882 
 326           3882 
 328           3882 
 330           3885 
 332           3885 
 334           3885 
 336           3885 
 338           3885 
 340           3885 
 342           3888 
 344           3888 
 346           3888 
 348           3888 
 350           3888 
 352           3891 
 354           3891 
 356           3891 
 358           3891 
 360           3891 
 362           3891 
 364           3894 
 366           3894 
 368           3894 
 370           3894 
 372           3894 
 374           3894 
 376           3897 
 378           3897 
 380           3897 
 382           3897 
 384           3897 
 386           3897 
 388           3900 
 390           3900 
 392           3900 
 394           3900 
 396           3900 
 398           3900 
 400           3903 
 402           3903 
 404           3903 
 406           3903 
 408           3903 
 410           3906 
 412           3906 
 414           3906 
 416           3906 
 418           3906 
 420           3906 
 422           3906 
 424           3909 
 426           3909 
 428           3909 
 430           3909 
 432           3909 
 434           3909 
 436           3909 
 438           3909 
 440           3909 
 442           3912 
 444           3912 
 446           3912 
 448           3912 
 450           3912 
 452           3912 
 454           3912 
 456           3912 
 458           3915 
 460           3915 
 462           3915 
 464           3915 
 466           3915 
 468           3915 
 470           3915 
 472           3915 
 474           3915 
 476           3915 
 478           3915 
 480           3918 
 482           3918 
 484           3918 
 486           3918 
 488           3918 
 490           3918 
 492           3918 
 494           3918 
 496           3918 
 498           3918 
 500           3918 
 502           3918 
 504           3921 
 506           3918 
 508           3921 
 510           3921 
 512           3921 
 514           3921 
 516           3921 
 518           3921 
 520           3921 
 522           3921 
 524           3921 
 526           3921 
 528           3921 
 530           3924 
 532           3924 
 534           3924 
 536           3924 
 538           3924 
 540           3924 
 542           3924 
 544           3924 
 546           3924 
 548           3924 
 550           3924 
 552           3924 
 554           3924 
 556           3924 
 558           3924 
 560           3927 
 562           3927 
 564           3927 
 566           3927 
 568           3927 
 570           3927 
 572           3927 
 574           3927 
 576           3927 
 578           3927 
 580           3927 
 582           3927 
 584           3927 
 586           3927 
 588           3927 
 590           3930 
 592           3930 
 594           3930 
 596           3930 
 598           3930 
 600           3930 
 602           3930 
 604           3930 
 606           3930 
 608           3930 
 610           3930 
 612           3933 
 614           3933 
 616           3933 
 618           3933 
 620           3933 
 622           3933 
 624           3933 
 626           3933 
 628           3933 
 630           3933 
 632           3933 
 634           3933 
 636           3933 
 638           3933 
 640           3933 
 642           3936 
 644           3936 
 646           3936 
 648           3936 
 650           3936 
 652           3936 
 654           3936 
 656           3936 
 658           3936 
 660           3936 
 662           3939 
 664           3936 
 666           3939 
 668           3939 
 670           3939 
 672           3939 
 674           3939 
 676           3939 
 678           3939 
 680           3939 
 682           3939 
 684           3939 
 686           3939 
 688           3942 
 690           3942 
 692           3942 
 694           3942 
 696           3942 
 698           3942 
 700           3942 
 702           3942 
 704           3942 
 706           3942 
 708           3942 
 710           3945 
 712           3945 
 714           3945 
 716           3945 
 718           3945 
 720           3945 
 722           3945 
 724           3945 
 726           3945 
 728           3945 
 730           3948 
 732           3948 
 734           3948 
 736           3948 
 738           3948 
 740           3948 
 742           3948 
 744           3948 
 746           3948 
 748           3951 
 750           3948 
 752           3951 
 754           3951 
 756           3951 
 758           3951 
 760           3951 
 762           3951 
 764           3951 
 766           3951 
 768           3954 
 770           3951 
 772           3954 
 774           3954 
 776           3954 
 778           3954 
 780           3954 
 782           3954 
 784           3954 
 786           3957 
 788           3957 
 790           3957 
 792           3957 
 794           3957 
 796           3957 
 798           3957 
 800           3957 
 802           3957 
 804           3960 
 806           3960 
 808           3960 
 810           3960 
 812           3960 
 814           3960 
 816           3960 
 818           3963 
 820           3963 
 822           3963 
 824           3963 
 826           3963 
 828           3963 
 830           3963 
 832           3963 
 834           3963 
 836           3966 
 838           3966 
 840           3966 
 842           3966 
 844           3966 
 846           3966 
 848           3966 
 850           3966 
 852           3966 
 854           3969 
 856           3969 
 858           3969 
 860           3969 
 862           3969 
 864           3972 
 866           3972 
 868           3972 
 870           3972 
 872           3972 
 874           3972 
 876           3972 
 878           3972 
 880           3975 
 882           3975 
 884           3975 
 886           3975 
 888           3975 
 890           3975 
 892           3975 
 894           3975 
 896           3978 
 898           3978 
 900           3978 
 902           3978 
 904           3978 
 906           3981 
 908           3981 
 910           3981 
 912           3981 
 914           3981 
 916           3981 
 918           3981 
 920           3984 
 922           3984 
 924           3984 
 926           3984 
 928           3984 
 930           3984 
 932           3984 
 934           3987 
 936           3987 
 938           3987 
 940           3987 
 942           3987 
 944           3987 
 946           3987 
 948           3990 
 950           3990 
 952           3990 
 954           3990 
 956           3990 
 958           3990 
 960           3993 
 962           3993 
 964           3993 
 966           3993 
 968           3993 
 970           3996 
 972           3996 
 974           3996 
 976           3996 
 978           3996 
 980           3996 
 982           3999 
 984           3996 
 986           3999 
 988           3999 
 990           3999 
 992           3999 
 994           3999 
 996           4002 
 998           4002 
 1000          4002 
 1002          4002 
 1004          4002 
 1006          4005 
 1008          4005 
 1010          4005 
 1012          4005 
 1014          4005 
 1016          4005 
 1018          4008 
 1020          4008 
 1022          4008 
 1024          4008 
 1026          4008 
 1028          4008 
 1030          4011 
 1032          4011 
 1034          4011 
 1036          4011 
 1038          4011 
 1040          4014 
 1042          4014 
 1044          4014 
 1046          4014 
 1048          4014 
 1050          4017 
 1052          4017 
 1054          4017 
 1056          4017 
 1058          4017 
 1060          4017 
 1062          4017 
 1064          4020 
 1066          4020 
 1068          4020 
 1070          4020 
 1072          4023 
 1074          4023 
 1076          4023 
 1078          4023 
 1080          4023 
 1082          4023 
 1084          4026 
 1086          4026 
 1088          4026 
 1090          4026 
 1092          4026 
 1094          4029 
 1096          4029 
 1098          4029 
 1100          4029 
 1102          4029 
 1104          4032 
 1106          4029 
 1108          4032 
 1110          4032 
 1112          4032 
 1114          4032 
 1116          4032 
 1118          4035 
 1120          4035 
 1122          4035 
 1124          4035 
 1126          4035 
 1128          4038 
 1130          4038 
 1132          4038 
 1134          4038 
 1136          4041 
 1138          4041 
 1140          4041 
 1142          4041 
 1144          4041 
 1146          4041 
 1148          4044 
 1150          4044 
 1152          4044 
 1154          4044 
 1156          4047 
 1158          4047 
 1160          4047 
 1162          4047 
 1164          4047 
 1166          4047 
 1168          4050 
 1170          4050 
 1172          4050 
 1174          4050 
 1176          4053 
 1178          4053 
 1180          4053 
 1182          4056 
 1184          4056 
 1186          4056 
 1188          4056 
 1190          4056 
 1192          4059 
 1194          4059 
 1196          4059 
 1198          4059 
 1200          4059 
 1202          4062 
 1204          4062 
 1206          4062 
 1208          4062 
 1210          4062 
 1212          4065 
 1214          4065 
 1216          4065 
 1218          4065 
 1220          4068 
 1222          4068 
 1224          4068 
 1226          4068 
 1228          4071 
 1230          4071 
 1232          4071 
 1234          4071 
 1236          4071 
 1238          4071 
 1240          4074 
 1242          4074 
 1244          4074 
 1246          4077 
 1248          4077 
 1250          4077 
 1252          4077 
 1254          4080 
 1256          4080 
 1258          4080 
 1260          4080 
 1262          4080 
 1264          4083 
 1266          4083 
 1268          4083 
 1270          4083 
 1272          4083 
 1274          4086 
 1276          4086 
 1278          4086 
 1280          4086 
 1282          4086 
 1284          4089 
 1286          4089 
 1288          4089 
 1290          4089 
 1292          4089 
 1294          4092 
 1296          4092 
 1298          4092 
 1300          4092 
 1302          4092 
 1304          4095 
 1306          4095 
 1308          4095 
 1310          4095 
 1312          4098 
 1314          4098 
 1316          4098 
 1318          4098 
 1320          4101 
 1322          4101 
 1324          4101 
 1326          4104 
 1328          4104 
 1330          4104 
 1332          4104 
 1334          4104 
 1336          4107 
 1338          4107 
 1340          4107 
 1342          4107 
 1344          4107 
 1346          4110 
 1348          4110 
 1350          4113 
 1352          4113 
 1354          4113 
 1356          4113 
 1358          4116 
 1360          4116 
 1362          4116 
 1364          4119 
 1366          4119 
 1368          4119 
 1370          4119 
 1372          4122 
 1374          4122 
 1376          4122 
 1378          4125 
 1380          4125 
 1382          4125 
 1384          4128 
 1386          4128 
 1388          4128 
 1390          4131 
 1392          4131 
 1394          4131 
 1396          4134 
 1398          4134 
 1400          4134 
 1402          4137 
 1404          4137 
 1406          4140 
 1408          4140 
 1410          4140 
 1412          4143 
 1414          4143 
 1416          4146 
 1418          4146 
 1420          4146 
 1422          4149 
 1424          4149 
 1426          4152 
 1428          4152 
 1430          4152 
 1432          4155 
 1434          4155 
 1436          4158 
 1438          4158 
 1440          4161 
 1442          4161 
 1444          4164 
 1446          4164 
 1448          4167 
 1450          4167 
 1452          4170 
 1454          4170 
 1456          4170 
 1458          4173 
 1460          4173 
 1462          4176 
 1464          4176 
 1466          4179 
 1468          4179 
 1470          4182 
 1472          4182 
 1474          4182 
 1476          4185 
 1478          4185 
 1480          4188 
 1482          4188 
 1484          4191 
 1486          4191 
 1488          4194 
 1490          4194 
 1492          4197 
 1494          4197 
 1496          4197 
 1498          4200 
 1500          4200 
 1502          4203 
 1504          4143 
 1506          4134 
 1508          4128 
 1510          4122 
 1512          4119 
 1514          4116 
 1516          4116 
 1518          4113 
 1520          4110 
 1522          4110 
 1524          4107 
 1526          4107 
 1528          4104 
 1530          4104 
 1532          4104 
 1534          4101 
 1536          4101 
 1538          4101 
 1540          4101 
 1542          4098 
 1544          4098 
 1546          4098 
 1548          4098 
 1550          4098 
 1552          4098 
 1554          4098 
 1556          4095 
 1558          4095 
 1560          4095 
 1562          4095 
 1564          4095 
 1566          4095 
 1568          4095 
 1570          4095 
 1572          4095 
 1574          4095 
 1576          4092 
 1578          4092 
 1580          4092 
 1582          4092 
 1584          4092 
 1586          4092 
 1588          4092 
 1590          4092 
 1592          4092 
 1594          4092 
 1596          4092 
 1598          4092 
 1600          4092 
 1602          4089 
 1604          4089 
 1606          4089 
 1608          4089 
 1610          4089 
 1612          4089 
 1614          4089 
 1616          4089 
 1618          4089 
 1620          4089 
 1622          4089 
 1624          4089 
 1626          4089 
 1628          4089 
 1630          4089 
 1632          4089 
 1634          4089 
 1636          4089 
 1638          4089 
 1640          4089 
 1642          4089 
 1644          4089 
 1646          4089 
 1648          4089 
 1650          4089 
 1652          4089 
 1654          4086 
 1656          4086 
 1658          4089 
 1660          4086 
 1662          4086 
 1664          4089 
 1666          4086 
 1668          4086 
 1670          4086 
 1672          4086 
 1674          4086 
 1676          4086 
 1678          4086 
 1680          4086 
 1682          4086 
 1684          4086 
 1686          4086 
 1688          4086 
 1690          4086 
 1692          4086 
 1694          4086 
 1696          4086 
 1698          4086 
 1700          4086 
 1702          4086 
 1704          4086 
 1706          4086 
 1708          4086 
 1710          4086 
 1712          4086 
 1714          4086 
 1716          4086 
 1718          4086 
 1720          4086 
 1722          4086 
 1724          4086 
 1726          4086 
 1728          4086 
 1730          4086 
 1732          4086 
 1734          4086 
 1736          4086 
 1738          4086 
 1740          4086 
 1742          4086 
 1744          4086 
 1746          4086 
 1748          4086 
 1750          4086 
 1752          4086 
 1754          4086 
 1756          4086 
 1758          4086 
 1760          4086 
 1762          4086 
 1764          4083 
 1766          4086 
 1768          4086 
 1770          4083 
 1772          4083 
 1774          4086 
 1776          4086 
 1778          4086 
 1780          4086 
 1782          4083 
 1784          4086 
 1786          4086 
 1788          4083 
 1790          4083 
 1792          4086 
 1794          4083 
 1796          4086 
 1798          4086 
 1800          4086 
 1802          4083 
 1804          4083 
 1806          4083 
 1808          4083 
 1810          4083 
 1812          4083 
 1814          4083 
 1816          4083 
 1818          4083 
 1820          4083 
 1822          4083 
 1824          4083 
 1826          4083 
 1828          4083 
 1830          4083 
 1832          4083 
 1834          4083 
 1836          4083 
 1838          4083 
 1840          4083 
 1842          4083 
 1844          4083 
 1846          4083 
 1848          4083 
 1850          4083 
 1852          4083 
 1854          4083 
 1856          4083 
 1858          4083 
 1860          4083 
 1862          4083 
 1864          4083 
 1866          4083 
 1868          4083 
 1870          4083 
 1872          4083 
 1874          4083 
 1876          4083 
 1878          4083 
 1880          4083 
 1882          4083 
 1884          4083 
 1886          4083 
 1888          4083 
 1890          4083 
 1892          4083 
 1894          4083 
 1896          4083 
 1898          4083 
 1900          4083 
 1902          4083 
 1904          4083 
 1906          4083 
 1908          4083 
 1910          4083 
 1912          4083 
 1914          4083 
 1916          4083 
 1918          4083 
 1920          4083 
 1922          4083 
 1924          4083 
 1926          4083 
 1928          4083 
 1930          4083 
 1932          4083 
 1934          4083 
 1936          4083 
 1938          4083 
 1940          4083 
 1942          4083 
 1944          4083 
 1946          4083 
 1948          4083 
 1950          4083 
 1952          4083 
 1954          4083 
 1956          4083 
 1958          4083 
 1960          4083 
 1962          4083 
 1964          4083 
 1966          4083 
 1968          4083 
 1970          4083 
 1972          4083 
 1974          4083 
 1976          4083 
 1978          4083 
 1980          4083 
 1982          4083 
 1984          4083 
 1986          4083 
 1988          4083 
 1990          4083 
 1992          4083 
 1994          4083 
 1996          4083 
 1998          4083 
 2000          4083 
 2002          4083 
 2004          4083 
 2006          4083 
 2008          4083 
 2010          4083 
 2012          4083 
 2014          4083 
 2016          4083 
 2018          4083 
 2020          4083 
 2022          4083 
 2024          4083 
 2026          4083 
 2028          4083 
 2030          4083 
 2032          4083 
 2034          4083 
 2036          4083 
 2038          4083 
 2040          4083 
 2042          4083 
 2044          4083 
 2046          4083 
 2048          4083 
 2050          4083 
 2052          4083 
 2054          4083 
 2056          4083 
 2058          4083 
 2060          4083 
 2062          4083 
 2064          4083 
 2066          4083 
 2068          4083 
 2070          4083 
 2072          4083 
 2074          4083 
 2076          4083 
 2078          4083 
 2080          4083 
 2082          4083 
 2084          4080 
 2086          4083 
 2088          4083 
 2090          4083 
 2092          4083 
 2094          4083 
 2096          4083 
 2098          4083 
 2100          4083 
 2102          4083 
 2104          4083 
 2106          4023 
 2108          4014 
 2110          4005 
 2112          4002 
 2114          3996 
 2116          3993 
 2118          3990 
 2120          3987 
 2122          3987 
 2124          3984 
 2126          3981 
 2128          3978 
 2130          3978 
 2132          3975 
 2134          3975 
 2136          3972 
 2138          3969 
 2140          3969 
 2142          3966 
 2144          3966 
 2146          3963 
 2148          3963 
 2150          3960 
 2152          3960 
 2154          3957 
 2156          3957 
 2158          3954 
 2160          3954 
 2162          3951 
 2164          3951 
 2166          3948 
 2168          3948 
 2170          3945 
 2172          3945 
 2174          3942 
 2176          3942 
 2178          3939 
 2180          3939 
 2182          3939 
 2184          3936 
 2186          3936 
 2188          3933 
 2190          3933 
 2192          3933 
 2194          3930 
 2196          3927 
 2198          3927 
 2200          3927 
 2202          3924 
 2204          3924 
 2206          3924 
 2208          3921 
 2210          3921 
 2212          3918 
 2214          3918 
 2216          3918 
 2218          3915 
 2220          3915 
 2222          3915 
 2224          3912 
 2226          3912 
 2228          3912 
 2230          3909 
 2232          3909 
 2234          3909 
 2236          3906 
 2238          3906 
 2240          3906 
 2242          3903 
 2244          3903 
 2246          3903 
 2248          3903 
 2250          3903 
 2252          3900 
 2254          3900 
 2256          3897 
 2258          3897 
 2260          3897 
 2262          3897 
 2264          3894 
 2266          3894 
 2268          3894 
 2270          3894 
 2272          3891 
 2274          3891 
 2276          3891 
 2278          3891 
 2280          3888 
 2282          3888 
 2284          3888 
 2286          3888 
 2288          3885 
 2290          3885 
 2292          3885 
 2294          3885 
 2296          3882 
 2298          3882 
 2300          3882 
 2302          3882 
 2304          3882 
 2306          3879 
 2308          3879 
 2310          3879 
 2312          3879 
 2314          3876 
 2316          3876 
 2318          3876 
 2320          3873 
 2322          3873 
 2324          3873 
 2326          3873 
 2328          3870 
 2330          3870 
 2332          3870 
 2334          3870 
 2336          3870 
 2338          3867 
 2340          3867 
 2342          3867 
 2344          3867 
 2346          3867 
 2348          3864 
 2350          3864 
 2352          3864 
 2354          3861 
 2356          3861 
 2358          3861 
 2360          3861 
 2362          3858 
 2364          3858 
 2366          3858 
 2368          3858 
 2370          3855 
 2372          3855 
 2374          3855 
 2376          3855 
 2378          3855 
 2380          3852 
 2382          3852 
 2384          3852 
 2386          3849 
 2388          3849 
 2390          3849 
 2392          3846 
 2394          3846 
 2396          3846 
 2398          3846 
 2400          3846 
 2402          3843 
 2404          3843 
 2406          3843 
 2408          3840 
 2410          3840 
 2412          3840 
 2414          3837 
 2416          3837 
 2418          3837 
 2420          3837 
 2422          3834 
 2424          3834 
 2426          3834 
 2428          3834 
 2430          3831 
 2432          3831 
 2434          3831 
 2436          3831 
 2438          3828 
 2440          3828 
 2442          3828 
 2444          3828 
 2446          3825 
 2448          3825 
 2450          3825 
 2452          3825 
 2454          3825 
 2456          3822 
 2458          3822 
 2460          3822 
 2462          3819 
 2464          3819 
 2466          3819 
 2468          3819 
 2470          3816 
 2472          3816 
 2474          3816 
 2476          3813 
 2478          3813 
 2480          3813 
 2482          3813 
 2484          3813 
 2486          3810 
 2488          3810 
 2490          3810 
 2492          3807 
 2494          3807 
 2496          3807 
 2498          3807 
 2500          3807 
 2502          3804 
 2504          3804 
 2506          3804 
 2508          3804 
 2510          3801 
 2512          3801 
 2514          3801 
 2516          3798 
 2518          3798 
 2520          3798 
 2522          3798 
 2524          3795 
 2526          3795 
 2528          3795 
 2530          3795 
 2532          3792 
 2534          3792 
 2536          3792 
 2538          3792 
 2540          3792 
 2542          3789 
 2544          3789 
 2546          3789 
 2548          3786 
 2550          3786 
 2552          3786 
 2554          3786 
 2556          3786 
 2558          3783 
 2560          3783 
 2562          3783 
 2564          3783 
 2566          3780 
 2568          3780 
 2570          3780 
 2572          3780 
 2574          3777 
 2576          3777 
 2578          3777 
 2580          3777 
 2582          3774 
 2584          3774 
 2586          3774 
 2588          3774 
 2590          3774 
 2592          3771 
 2594          3771 
 2596          3771 
 2598          3768 
 2600          3768 
 2602          3768 
 2604          3765 
 2606          3768 
 2608          3765 
 2610          3765 
 2612          3765 
 2614          3765 
 2616          3765 
 2618          3762 
 2620          3762 
 2622          3762 
 2624          3762 
 2626          3762 
 2628          3759 
 2630          3759 
 2632          3759 
 2634          3759 
 2636          3756 
 2638          3756 
 2640          3756 
 2642          3756 
 2644          3756 
 2646          3756 
 2648          3753 
 2650          3753 
 2652          3753 
 2654          3753 
 2656          3753 
 2658          3753 
 2660          3750 
 2662          3750 
 2664          3750 
 2666          3750 
 2668          3750 
 2670          3747 
 2672          3747 
 2674          3747 
 2676          3747 
 2678          3747 
 2680          3747 
 2682          3744 
 2684          3744 
 2686          3744 
 2688          3744 
 2690          3741 
 2692          3744 
 2694          3741 
 2696          3741 
 2698          3741 
 2700          3741 
 2702          3741 
 2704          3738 
 2706          3738 
 2708          3738 
 2710          3738 
 2712          3738 
 2714          3738 
 2716          3735 
 2718          3735 
 2720          3735 
 2722          3735 
 2724          3735 
 2726          3732 
 2728          3732 
 2730          3732 
 2732          3732 
 2734          3732 
 2736          3732 
 2738          3732 
 2740          3729 
 2742          3732 
 2744          3729 
 2746          3726 
 2748          3726 
 2750          3729 
 2752          3726 
 2754          3726 
 2756          3726 
 2758          3726 
 2760          3726 
 2762          3726 
 2764          3726 
 2766          3723 
 2768          3723 
 2770          3723 
 2772          3723 
 2774          3723 
 2776          3723 
 2778          3720 
 2780          3720 
 2782          3720 
 2784          3720 
 2786          3720 
 2788          3720 
 2790          3717 
 2792          3717 
 2794          3717 
 2796          3717 
 2798          3717 
 2800          3717 
 2802          3717 
 2804          3714 
 2806          3714 
 2808          3714 
 2810          3714 
 2812          3714 
 2814          3711 
 2816          3714 
 2818          3711 
 2820          3711 
 2822          3711 
 2824          3711 
 2826          3711 
 2828          3711 
 2830          3708 
 2832          3708 
 2834          3708 
 2836          3708 
 2838          3708 
 2840          3708 
 2842          3708 
 2844          3708 
 2846          3705 
 2848          3705 
 2850          3705 
 2852          3705 
 2854          3705 
 2856          3705 
 2858          3702 
 2860          3702 
 2862          3702 
 2864          3702 
 2866          3702 
 2868          3702 
 2870          3702 
 2872          3702 
 2874          3702 
 2876          3699 
 2878          3699 
 2880          3699 
 2882          3699 
 2884          3699 
 2886          3699 
 2888          3699 
 2890          3696 
 2892          3696 
 2894          3696 
 2896          3696 
 2898          3696 
 2900          3696 
 2902          3696 
 2904          3696 
 2906          3693 
 2908          3693 
 2910          3693 
 2912          3693 
 2914          3693 
 2916          3693 
 2918          3690 
 2920          3690 
 2922          3693 
 2924          3690 
 2926          3690 
 2928          3690 
 2930          3690 
 2932          3690 
 2934          3690 
 2936          3687 
 2938          3687 
 2940          3687 
 2942          3687 
 2944          3687 
 2946          3687 
 2948          3687 
 2950          3687 
 2952          3684 
 2954          3687 
 2956          3687 
 2958          3684 
 2960          3684 
 2962          3684 
 2964          3684 
 2966          3684 
 2968          3681 
 2970          3681 
 2972          3681 
 2974          3681 
 2976          3681 
 2978          3681 
 2980          3681 
 2982          3681 
 2984          3681 
 2986          3678 
 2988          3678 
 2990          3678 
 2992          3678 
 2994          3678 
 2996          3678 
 2998          3678 
 3000          3678 
 3002          3678 
 3004          3675 
 3006          3675 
 3008          3675 
 3010          3675 
 3012          3675 
 3014          3675 
 3016          3675 
 3018          3672 
 3020          3672 
 3022          3672 
 3024          3672 
 3026          3672 
 3028          3672 
 3030          3672 
 3032          3669 
 3034          3672 
 3036          3669 
 3038          3669 
 3040          3669 
 3042          3669 
 3044          3669 
 3046          3669 
 3048          3669 
 3050          3669 
 3052          3669 
 3054          3666 
 3056          3666 
 3058          3666 
 3060          3666 
 3062          3666 
 3064          3666 
 3066          3666 
 3068          3666 
 3070          3663 
 3072          3663 
 3074          3663 
 3076          3663 
 3078          3663 
 3080          3663 
 3082          3663 
 3084          3663 
 3086          3663 
 3088          3660 
 3090          3660 
 3092          3660 
 3094          3660 
 3096          3660 
 3098          3660 
 3100          3660 
 3102          3660 
 3104          3660 
 3106          3660 
 3108          3657 
 3110          3657 
 3112          3657 
 3114          3657 
 3116          3657 
 3118          3657 
 3120          3657 
 3122          3657 
 3124          3654 
 3126          3657 
 3128          3654 
 3130          3654 
 3132          3654 
 3134          3654 
 3136          3654 
 3138          3654 
 3140          3654 
 3142          3654 
 3144          3651 
 3146          3651 
 3148          3651 
 3150          3651 
 3152          3651 
 3154          3651 
 3156          3651 
 3158          3651 
 3160          3651 
 3162          3651 
 3164          3648 
 3166          3648 
 3168          3648 
 3170          3648 
 3172          3648 
 3174          3648 
 3176          3648 
 3178          3648 
 3180          3645 
 3182          3645 
 3184          3645 
 3186          3645 
 3188          3645 
 3190          3645 
 3192          3645 
 3194          3645 
 3196          3645 
 3198          3645 
 3200          3642 
 3202          3642 
 3204          3642 
 3206          3642 
 3208          3642 
 3210          3642 
 3212          3639 
 3214          3639 
 3216          3639 
 3218          3639 
 3220          3639 
 3222          3639 
 3224          3636 
 3226          3639 
 3228          3636 
 3230          3636 
 3232          3636 
 3234          3636 
 3236          3636 
 3238          3636 
 3240          3633 
 3242          3633 
 3244          3633 
 3246          3633 
 3248          3633 
 3250          3633 
 3252          3633 
 3254          3630 
 3256          3630 
 3258          3630 
 3260          3630 
 3262          3630 
 3264          3630 
 3266          3630 
 3268          3630 
 3270          3627 
 3272          3627 
 3274          3627 
 3276          3627 
 3278          3627 
 3280          3624 
 3282          3624 
 3284          3624 
 3286          3624 
 3288          3624 
 3290          3624 
 3292          3624 
 3294          3621 
 3296          3624 
 3298          3621 
 3300          3621 
 3302          3621 
 3304          3621 
 3306          3621 
 3308          3618 
 3310          3618 
 3312          3618 
 3314          3618 
 3316          3618 
 3318          3615 
 3320          3615 
 3322          3615 
 3324          3615 
 3326          3615 
 3328          3615 
 3330          3615 
 3332          3612 
 3334          3612 
 3336          3612 
 3338          3612 
 3340          3612 
 3342          3609 
 3344          3609 
 3346          3609 
 3348          3609 
 3350          3609 
 3352          3609 
 3354          3609 
 3356          3606 
 3358          3606 
 3360          3606 
 3362          3603 
 3364          3603 
 3366          3603 
 3368          3603 
 3370          3603 
 3372          3603 
 3374          3600 
 3376          3600 
 3378          3600 
 3380          3600 
 3382          3600 
 3384          3597 
 3386          3597 
 3388          3597 
 3390          3594 
 3392          3594 
 3394          3594 
 3396          3594 
 3398          3594 
 3400          3591 
 3402          3591 
 3404          3591 
 3406          3588 
 3408          3588 
 3410          3588 
 3412          3585 
 3414          3585 
 3416          3585 
 3418          3582 
 3420          3582 
 3422          3582 
 3424          3579 
 3426          3579 
 3428          3576 
 3430          3576 
 3432          3576 
 3434          3573 
 3436          3573 
 3438          3570 
 3440          3570 
 3442          3570 
 3444          3567 
 3446          3567 
 3448          3564 
 3450          3561 
 3452          3561 
 3454          3561 
 3456          3558 
 3458          3555 
 3460          3555 
 3462          3552 
 3464          3549 
 3466          3549 
 3468          3546 
 3470          3543 
 3472          3543 
 3474          3540 
 3476          3540 
 3478          3537 
 3480          3534 
 3482          3534 
 3484          3531 
 3486          3528 
 3488          3528 
 3490          3525 
 3492          3522 
 3494          3519 
 3496          3519 
 3498          3516 
 3500          3513 
 3502          3510 
 3504          3507 
 3506          3504 
 3508          3504 
 3510          3501 
 3512          3498 
 3514          3495 
 3516          3492 
 3518          3489 
 3520          3486 
 3522          3483 
 3524          3480 
 3526          3474 
 3528          3474 
 3530          3468 
 3532          3465 
 3534          3462 
 3536          3459 
 3538          3456 
 3540          3450 
 3542          3447 
 3544          3444 
 3546          3438 
 3548          3435 
 3550          3429 
 3552          3426 
 3554          3423 
 3556          3417 
 3558          3411 
 3560          3408 
 3562          3402 
 3564          3396 
 3566          3390 
 3568          3384 
 3570          3381 
 3572          3375 
 3574          3366 
 3576          3360 
 3578          3354 
 3580          3345 
 3582          3339 
 3584          3330 
 3586          3321 
 3588          3315 
 3590          3306 
 3592          3297 
 3594          3285 
 3596          3276 
 3598          3264 
 3600          3255 
 3602          3243 
 3604          3231 
 3606          3216 
 3608          3201 
 3610          3186 
 3612          3168 
 3614          3150 
 3616          3132 
 3618          3111 
 3620          3087 
 3622          3060 
 3624          3027 
 3626          2991 
 3628          2949 
 3630          2895 
 3632          2832 
 3634          2757 
 3636          2658 
 3638          2520 
