U[V]          I[A]
-6            -0.000322 
-5.99         -0.000321 
-5.98         -0.000321 
-5.97         -0.000321 
-5.96         -0.000321 
-5.95         -0.000321 
-5.94         -0.000321 
-5.93         -0.000321 
-5.92         -0.000321 
-5.91         -0.000321 
-5.9          -0.000321 
-5.89         -0.000321 
-5.88         -0.000321 
-5.87         -0.000321 
-5.86         -0.000321 
-5.85         -0.000321 
-5.84         -0.000321 
-5.83         -0.000321 
-5.82         -0.000321 
-5.81         -0.000321 
-5.8          -0.000321 
-5.79         -0.000321 
-5.78         -0.000321 
-5.77         -0.000321 
-5.76000000000001           -0.000321 
-5.75000000000001           -0.000321 
-5.74000000000001           -0.000321 
-5.73000000000001           -0.000321 
-5.72000000000001           -0.000321 
-5.71000000000001           -0.000321 
-5.70000000000001           -0.000321 
-5.69000000000001           -0.000321 
-5.68000000000001           -0.000321 
-5.67000000000001           -0.000321 
-5.66000000000001           -0.000321 
-5.65000000000001           -0.000321 
-5.64000000000001           -0.000321 
-5.63000000000001           -0.000321 
-5.62000000000001           -0.000321 
-5.61000000000001           -0.000321 
-5.60000000000001           -0.000321 
-5.59000000000001           -0.000321 
-5.58000000000001           -0.000321 
-5.57000000000001           -0.000321 
-5.56000000000001           -0.000321 
-5.55000000000001           -0.000321 
-5.54000000000001           -0.000321 
-5.53000000000001           -0.000321 
-5.52000000000001           -0.000321 
-5.51000000000001           -0.000321 
-5.50000000000001           -0.000321 
-5.49000000000001           -0.000321 
-5.48000000000001           -0.000321 
-5.47000000000001           -0.000321 
-5.46000000000001           -0.000321 
-5.45000000000001           -0.000321 
-5.44000000000001           -0.000321 
-5.43000000000001           -0.000321 
-5.42000000000001           -0.000321 
-5.41000000000001           -0.000321 
-5.40000000000001           -0.000321 
-5.39000000000001           -0.000321 
-5.38000000000001           -0.000321 
-5.37000000000001           -0.000321 
-5.36000000000001           -0.000321 
-5.35000000000001           -0.000321 
-5.34000000000001           -0.000321 
-5.33000000000001           -0.000321 
-5.32000000000001           -0.000321 
-5.31000000000001           -0.000321 
-5.30000000000001           -0.000321 
-5.29000000000002           -0.000321 
-5.28000000000002           -0.000321 
-5.27000000000002           -0.000321 
-5.26000000000002           -0.000321 
-5.25000000000002           -0.000321 
-5.24000000000002           -0.000321 
-5.23000000000002           -0.000321 
-5.22000000000002           -0.000321 
-5.21000000000002           -0.000321 
-5.20000000000002           -0.000321 
-5.19000000000002           -0.000321 
-5.18000000000002           -0.000321 
-5.17000000000002           -0.000321 
-5.16000000000002           -0.000321 
-5.15000000000002           -0.000321 
-5.14000000000002           -0.000321 
-5.13000000000002           -0.000321 
-5.12000000000002           -0.00032 
-5.11000000000002           -0.000321 
-5.10000000000002           -0.000321 
-5.09000000000002           -0.000321 
-5.08000000000002           -0.00032 
-5.07000000000002           -0.00032 
-5.06000000000002           -0.00032 
-5.05000000000002           -0.00032 
-5.04000000000002           -0.00032 
-5.03000000000002           -0.00032 
-5.02000000000002           -0.00032 
-5.01000000000002           -0.00032 
-5.00000000000002           -0.00032 
-4.99000000000002           -0.00032 
-4.98000000000002           -0.00032 
-4.97000000000002           -0.00032 
-4.96000000000002           -0.00032 
-4.95000000000002           -0.00032 
-4.94000000000002           -0.00032 
-4.93000000000002           -0.00032 
-4.92000000000002           -0.00032 
-4.91000000000002           -0.00032 
-4.90000000000002           -0.00032 
-4.89000000000002           -0.00032 
-4.88000000000002           -0.00032 
-4.87000000000002           -0.00032 
-4.86000000000002           -0.00032 
-4.85000000000002           -0.00032 
-4.84000000000002           -0.00032 
-4.83000000000002           -0.00032 
-4.82000000000003           -0.00032 
-4.81000000000003           -0.00032 
-4.80000000000003           -0.00032 
-4.79000000000003           -0.00032 
-4.78000000000003           -0.00032 
-4.77000000000003           -0.00032 
-4.76000000000003           -0.00032 
-4.75000000000003           -0.00032 
-4.74000000000003           -0.00032 
-4.73000000000003           -0.00032 
-4.72000000000003           -0.00032 
-4.71000000000003           -0.00032 
-4.70000000000003           -0.00032 
-4.69000000000003           -0.00032 
-4.68000000000003           -0.00032 
-4.67000000000003           -0.00032 
-4.66000000000003           -0.00032 
-4.65000000000003           -0.00032 
-4.64000000000003           -0.00032 
-4.63000000000003           -0.00032 
-4.62000000000003           -0.00032 
-4.61000000000003           -0.00032 
-4.60000000000003           -0.00032 
-4.59000000000003           -0.00032 
-4.58000000000003           -0.00032 
-4.57000000000003           -0.00032 
-4.56000000000003           -0.00032 
-4.55000000000003           -0.00032 
-4.54000000000003           -0.00032 
-4.53000000000003           -0.00032 
-4.52000000000003           -0.00032 
-4.51000000000003           -0.00032 
-4.50000000000003           -0.00032 
-4.49000000000003           -0.00032 
-4.48000000000003           -0.00032 
-4.47000000000003           -0.00032 
-4.46000000000003           -0.00032 
-4.45000000000003           -0.00032 
-4.44000000000003           -0.00032 
-4.43000000000003           -0.00032 
-4.42000000000003           -0.00032 
-4.41000000000003           -0.00032 
-4.40000000000003           -0.00032 
-4.39000000000003           -0.00032 
-4.38000000000003           -0.00032 
-4.37000000000003           -0.00032 
-4.36000000000004           -0.00032 
-4.35000000000004           -0.00032 
-4.34000000000004           -0.00032 
-4.33000000000004           -0.00032 
-4.32000000000004           -0.00032 
-4.31000000000004           -0.00032 
-4.30000000000004           -0.00032 
-4.29000000000004           -0.00032 
-4.28000000000004           -0.00032 
-4.27000000000004           -0.00032 
-4.26000000000004           -0.00032 
-4.25000000000004           -0.00032 
-4.24000000000004           -0.00032 
-4.23000000000004           -0.00032 
-4.22000000000004           -0.00032 
-4.21000000000004           -0.00032 
-4.20000000000004           -0.00032 
-4.19000000000004           -0.00032 
-4.18000000000004           -0.00032 
-4.17000000000004           -0.00032 
-4.16000000000004           -0.000319 
-4.15000000000004           -0.00032 
-4.14000000000004           -0.000319 
-4.13000000000004           -0.000319 
-4.12000000000004           -0.00032 
-4.11000000000004           -0.00032 
-4.10000000000004           -0.000319 
-4.09000000000004           -0.000319 
-4.08000000000004           -0.00032 
-4.07000000000004           -0.000319 
-4.06000000000004           -0.000319 
-4.05000000000004           -0.000319 
-4.04000000000004           -0.000319 
-4.03000000000004           -0.000319 
-4.02000000000004           -0.000319 
-4.01000000000004           -0.000319 
-4.00000000000004           -0.000319 
-3.99000000000004           -0.000319 
-3.98000000000004           -0.000319 
-3.97000000000004           -0.000319 
-3.96000000000004           -0.000319 
-3.95000000000004           -0.000319 
-3.94000000000004           -0.000319 
-3.93000000000004           -0.000319 
-3.92000000000004           -0.000319 
-3.91000000000004           -0.000319 
-3.90000000000004           -0.000319 
-3.89000000000005           -0.000319 
-3.88000000000005           -0.000319 
-3.87000000000005           -0.000319 
-3.86000000000005           -0.000319 
-3.85000000000005           -0.000319 
-3.84000000000005           -0.000319 
-3.83000000000005           -0.000319 
-3.82000000000005           -0.000319 
-3.81000000000005           -0.000319 
-3.80000000000005           -0.000319 
-3.79000000000005           -0.000319 
-3.78000000000005           -0.000319 
-3.77000000000005           -0.000319 
-3.76000000000005           -0.000319 
-3.75000000000005           -0.000319 
-3.74000000000005           -0.000319 
-3.73000000000005           -0.000319 
-3.72000000000005           -0.000319 
-3.71000000000005           -0.000319 
-3.70000000000005           -0.000319 
-3.69000000000005           -0.000319 
-3.68000000000005           -0.000319 
-3.67000000000005           -0.000319 
-3.66000000000005           -0.000319 
-3.65000000000005           -0.000319 
-3.64000000000005           -0.000319 
-3.63000000000005           -0.000319 
-3.62000000000005           -0.000319 
-3.61000000000005           -0.000319 
-3.60000000000005           -0.000319 
-3.59000000000005           -0.000319 
-3.58000000000005           -0.000319 
-3.57000000000005           -0.000319 
-3.56000000000005           -0.000319 
-3.55000000000005           -0.000319 
-3.54000000000005           -0.000319 
-3.53000000000005           -0.000319 
-3.52000000000005           -0.000319 
-3.51000000000005           -0.000319 
-3.50000000000005           -0.000319 
-3.49000000000005           -0.000319 
-3.48000000000005           -0.000319 
-3.47000000000005           -0.000319 
-3.46000000000005           -0.000319 
-3.45000000000005           -0.000319 
-3.44000000000005           -0.000319 
-3.43000000000005           -0.000319 
-3.42000000000006           -0.000319 
-3.41000000000006           -0.000319 
-3.40000000000006           -0.000319 
-3.39000000000006           -0.000319 
-3.38000000000006           -0.000319 
-3.37000000000006           -0.000319 
-3.36000000000006           -0.000319 
-3.35000000000006           -0.000319 
-3.34000000000006           -0.000319 
-3.33000000000006           -0.000319 
-3.32000000000006           -0.000319 
-3.31000000000006           -0.000319 
-3.30000000000006           -0.000319 
-3.29000000000006           -0.000319 
-3.28000000000006           -0.000319 
-3.27000000000006           -0.000319 
-3.26000000000006           -0.000319 
-3.25000000000006           -0.000319 
-3.24000000000006           -0.000319 
-3.23000000000006           -0.000319 
-3.22000000000006           -0.000319 
-3.21000000000006           -0.000319 
-3.20000000000006           -0.000319 
-3.19000000000006           -0.000319 
-3.18000000000006           -0.000319 
-3.17000000000006           -0.000319 
-3.16000000000006           -0.000319 
-3.15000000000006           -0.000319 
-3.14000000000006           -0.000319 
-3.13000000000006           -0.000319 
-3.12000000000006           -0.000319 
-3.11000000000006           -0.000318 
-3.10000000000006           -0.000319 
-3.09000000000006           -0.000319 
-3.08000000000006           -0.000319 
-3.07000000000006           -0.000319 
-3.06000000000006           -0.000319 
-3.05000000000006           -0.000319 
-3.04000000000006           -0.000319 
-3.03000000000006           -0.000318 
-3.02000000000006           -0.000318 
-3.01000000000006           -0.000318 
-3.00000000000006           -0.000319 
-2.99000000000006           -0.000319 
-2.98000000000006           -0.000318 
-2.97000000000006           -0.000318 
-2.96000000000006           -0.000318 
-2.95000000000007           -0.000318 
-2.94000000000007           -0.000318 
-2.93000000000007           -0.000318 
-2.92000000000007           -0.000318 
-2.91000000000007           -0.000318 
-2.90000000000007           -0.000318 
-2.89000000000007           -0.000318 
-2.88000000000007           -0.000318 
-2.87000000000007           -0.000318 
-2.86000000000007           -0.000318 
-2.85000000000007           -0.000318 
-2.84000000000007           -0.000318 
-2.83000000000007           -0.000318 
-2.82000000000007           -0.000318 
-2.81000000000007           -0.000318 
-2.80000000000007           -0.000318 
-2.79000000000007           -0.000318 
-2.78000000000007           -0.000318 
-2.77000000000007           -0.000318 
-2.76000000000007           -0.000318 
-2.75000000000007           -0.000318 
-2.74000000000007           -0.000318 
-2.73000000000007           -0.000318 
-2.72000000000007           -0.000318 
-2.71000000000007           -0.000318 
-2.70000000000007           -0.000318 
-2.69000000000007           -0.000318 
-2.68000000000007           -0.000318 
-2.67000000000007           -0.000318 
-2.66000000000007           -0.000318 
-2.65000000000007           -0.000318 
-2.64000000000007           -0.000318 
-2.63000000000007           -0.000318 
-2.62000000000007           -0.000318 
-2.61000000000007           -0.000318 
-2.60000000000007           -0.000318 
-2.59000000000007           -0.000318 
-2.58000000000007           -0.000318 
-2.57000000000007           -0.000318 
-2.56000000000007           -0.000318 
-2.55000000000007           -0.000318 
-2.54000000000007           -0.000318 
-2.53000000000007           -0.000318 
-2.52000000000007           -0.000318 
-2.51000000000007           -0.000318 
-2.50000000000007           -0.000318 
-2.49000000000007           -0.000318 
-2.48000000000008           -0.000318 
-2.47000000000008           -0.000318 
-2.46000000000008           -0.000318 
-2.45000000000008           -0.000318 
-2.44000000000008           -0.000318 
-2.43000000000008           -0.000318 
-2.42000000000008           -0.000318 
-2.41000000000008           -0.000318 
-2.40000000000008           -0.000318 
-2.39000000000008           -0.000318 
-2.38000000000008           -0.000318 
-2.37000000000008           -0.000318 
-2.36000000000008           -0.000318 
-2.35000000000008           -0.000318 
-2.34000000000008           -0.000318 
-2.33000000000008           -0.000318 
-2.32000000000008           -0.000318 
-2.31000000000008           -0.000318 
-2.30000000000008           -0.000318 
-2.29000000000008           -0.000318 
-2.28000000000008           -0.000318 
-2.27000000000008           -0.000318 
-2.26000000000008           -0.000318 
-2.25000000000008           -0.000318 
-2.24000000000008           -0.000318 
-2.23000000000008           -0.000318 
-2.22000000000008           -0.000318 
-2.21000000000008           -0.000318 
-2.20000000000008           -0.000318 
-2.19000000000008           -0.000318 
-2.18000000000008           -0.000318 
-2.17000000000008           -0.000318 
-2.16000000000008           -0.000318 
-2.15000000000008           -0.000318 
-2.14000000000008           -0.000318 
-2.13000000000008           -0.000318 
-2.12000000000008           -0.000318 
-2.11000000000008           -0.000318 
-2.10000000000008           -0.000318 
-2.09000000000008           -0.000318 
-2.08000000000008           -0.000318 
-2.07000000000008           -0.000318 
-2.06000000000008           -0.000318 
-2.05000000000008           -0.000318 
-2.04000000000008           -0.000318 
-2.03000000000008           -0.000318 
-2.02000000000008           -0.000318 
-2.01000000000009           -0.000318 
-2.00000000000009           -0.000318 
-1.99000000000009           -0.000318 
-1.98000000000009           -0.000317 
-1.97000000000009           -0.000317 
-1.96000000000009           -0.000317 
-1.95000000000009           -0.000318 
-1.94000000000009           -0.000318 
-1.93000000000009           -0.000317 
-1.92000000000009           -0.000317 
-1.91000000000009           -0.000317 
-1.90000000000009           -0.000317 
-1.89000000000009           -0.000317 
-1.88000000000009           -0.000317 
-1.87000000000009           -0.000317 
-1.86000000000009           -0.000317 
-1.85000000000009           -0.000317 
-1.84000000000009           -0.000317 
-1.83000000000009           -0.000317 
-1.82000000000009           -0.000317 
-1.81000000000009           -0.000317 
-1.80000000000009           -0.000317 
-1.79000000000009           -0.000317 
-1.78000000000009           -0.000317 
-1.77000000000009           -0.000317 
-1.76000000000009           -0.000317 
-1.75000000000009           -0.000317 
-1.74000000000009           -0.000317 
-1.73000000000009           -0.000317 
-1.72000000000009           -0.000317 
-1.71000000000009           -0.000317 
-1.70000000000009           -0.000317 
-1.69000000000008           -0.000317 
-1.68000000000008           -0.000317 
-1.67000000000008           -0.000317 
-1.66000000000008           -0.000317 
-1.65000000000008           -0.000317 
-1.64000000000008           -0.000317 
-1.63000000000008           -0.000317 
-1.62000000000008           -0.000317 
-1.61000000000008           -0.000317 
-1.60000000000008           -0.000317 
-1.59000000000008           -0.000317 
-1.58000000000008           -0.000317 
-1.57000000000008           -0.000317 
-1.56000000000008           -0.000317 
-1.55000000000008           -0.000317 
-1.54000000000008           -0.000317 
-1.53000000000008           -0.000317 
-1.52000000000008           -0.000317 
-1.51000000000008           -0.000317 
-1.50000000000008           -0.000317 
-1.49000000000008           -0.000317 
-1.48000000000008           -0.000317 
-1.47000000000008           -0.000317 
-1.46000000000008           -0.000317 
-1.45000000000008           -0.000317 
-1.44000000000008           -0.000317 
-1.43000000000008           -0.000317 
-1.42000000000008           -0.000317 
-1.41000000000008           -0.000317 
-1.40000000000008           -0.000317 
-1.39000000000008           -0.000317 
-1.38000000000008           -0.000317 
-1.37000000000008           -0.000317 
-1.36000000000008           -0.000317 
-1.35000000000008           -0.000317 
-1.34000000000008           -0.000317 
-1.33000000000008           -0.000317 
-1.32000000000008           -0.000317 
-1.31000000000008           -0.000317 
-1.30000000000008           -0.000317 
-1.29000000000008           -0.000317 
-1.28000000000008           -0.000317 
-1.27000000000008           -0.000317 
-1.26000000000008           -0.000317 
-1.25000000000008           -0.000317 
-1.24000000000008           -0.000317 
-1.23000000000008           -0.000317 
-1.22000000000008           -0.000317 
-1.21000000000008           -0.000317 
-1.20000000000008           -0.000317 
-1.19000000000008           -0.000317 
-1.18000000000008           -0.000317 
-1.17000000000008           -0.000317 
-1.16000000000008           -0.000317 
-1.15000000000008           -0.000317 
-1.14000000000008           -0.000317 
-1.13000000000008           -0.000317 
-1.12000000000008           -0.000317 
-1.11000000000008           -0.000317 
-1.10000000000008           -0.000317 
-1.09000000000008           -0.000317 
-1.08000000000008           -0.000317 
-1.07000000000008           -0.000317 
-1.06000000000008           -0.000317 
-1.05000000000008           -0.000317 
-1.04000000000008           -0.000317 
-1.03000000000008           -0.000317 
-1.02000000000008           -0.000317 
-1.01000000000008           -0.000317 
-1.00000000000008           -0.000316 
-0.990000000000084          -0.000317 
-0.980000000000084          -0.000316 
-0.970000000000084          -0.000317 
-0.960000000000084          -0.000317 
-0.950000000000084          -0.000317 
-0.940000000000084          -0.000316 
-0.930000000000084          -0.000316 
-0.920000000000084          -0.000317 
-0.910000000000084          -0.000316 
-0.900000000000084          -0.000316 
-0.890000000000084          -0.000316 
-0.880000000000084          -0.000316 
-0.870000000000084          -0.000316 
-0.860000000000084          -0.000316 
-0.850000000000084          -0.000316 
-0.840000000000084          -0.000316 
-0.830000000000084          -0.000316 
-0.820000000000084          -0.000316 
-0.810000000000084          -0.000316 
-0.800000000000084          -0.000316 
-0.790000000000084          -0.000316 
-0.780000000000084          -0.000316 
-0.770000000000084          -0.000316 
-0.760000000000084          -0.000316 
-0.750000000000084          -0.000316 
-0.740000000000084          -0.000316 
-0.730000000000084          -0.000316 
-0.720000000000084          -0.000316 
-0.710000000000084          -0.000316 
-0.700000000000084          -0.000316 
-0.690000000000084          -0.000316 
-0.680000000000084          -0.000316 
-0.670000000000084          -0.000316 
-0.660000000000084          -0.000316 
-0.650000000000084          -0.000316 
-0.640000000000084          -0.000316 
-0.630000000000084          -0.000316 
-0.620000000000084          -0.000316 
-0.610000000000084          -0.000316 
-0.600000000000084          -0.000316 
-0.590000000000084          -0.000316 
-0.580000000000084          -0.000316 
-0.570000000000084          -0.000316 
-0.560000000000084          -0.000316 
-0.550000000000084          -0.000316 
-0.540000000000084          -0.000316 
-0.530000000000084          -0.000316 
-0.520000000000084          -0.000316 
-0.510000000000084          -0.000316 
-0.500000000000084          -0.000316 
-0.490000000000084          -0.000316 
-0.480000000000084          -0.000316 
-0.470000000000084          -0.000316 
-0.460000000000084          -0.000316 
-0.450000000000084          -0.000316 
-0.440000000000084          -0.000316 
-0.430000000000084          -0.000316 
-0.420000000000084          -0.000316 
-0.410000000000084          -0.000316 
-0.400000000000084          -0.000316 
-0.390000000000084          -0.000316 
-0.380000000000084          -0.000316 
-0.370000000000084          -0.000316 
-0.360000000000084          -0.000316 
-0.350000000000084          -0.000316 
-0.340000000000084          -0.000316 
-0.330000000000084          -0.000315 
-0.320000000000084          -0.000316 
-0.310000000000084          -0.000315 
-0.300000000000084          -0.000315 
-0.290000000000084          -0.000315 
-0.280000000000084          -0.000316 
-0.270000000000084          -0.000315 
-0.260000000000084          -0.000315 
-0.250000000000084          -0.000315 
-0.240000000000084          -0.000315 
-0.230000000000084          -0.000315 
-0.220000000000084          -0.000315 
-0.210000000000084          -0.000315 
-0.200000000000084          -0.000315 
-0.190000000000084          -0.000315 
-0.180000000000084          -0.000315 
-0.170000000000084          -0.000315 
-0.160000000000084          -0.000315 
-0.150000000000084          -0.000315 
-0.140000000000084          -0.000315 
-0.130000000000084          -0.000315 
-0.120000000000084          -0.000315 
-0.110000000000084          -0.000315 
-0.100000000000084          -0.000315 
-9.00000000000836E-02       -0.000315 
-8.00000000000836E-02       -0.000315 
-7.00000000000836E-02       -0.000315 
-6.00000000000836E-02       -0.000315 
-5.00000000000836E-02       -0.000315 
-4.00000000000836E-02       -0.000315 
-3.00000000000836E-02       -0.000315 
-2.00000000000836E-02       -0.000315 
-1.00000000000836E-02       -0.000315 
-8.3624079882938E-14        -0.000315 
 9.99999999991638E-03       -0.000315 
 1.99999999999164E-02       -0.000315 
 2.99999999999164E-02       -0.000315 
 3.99999999999164E-02       -0.000315 
 4.99999999999164E-02       -0.000315 
 5.99999999999164E-02       -0.000314 
 6.99999999999164E-02       -0.000314 
 7.99999999999164E-02       -0.000314 
 8.99999999999164E-02       -0.000314 
 9.99999999999164E-02       -0.000314 
 0.109999999999916          -0.000314 
 0.119999999999916          -0.000314 
 0.129999999999916          -0.000314 
 0.139999999999916          -0.000314 
 0.149999999999916          -0.000313 
 0.159999999999916          -0.000313 
 0.169999999999916          -0.000313 
 0.179999999999916          -0.000312 
 0.189999999999916          -0.000311 
 0.199999999999916          -0.000311 
 0.209999999999916          -0.00031 
 0.219999999999916          -0.000308 
 0.229999999999916          -0.000307 
 0.239999999999916          -0.000304 
 0.249999999999916          -0.000303 
 0.259999999999916          -0.0003 
 0.269999999999916          -0.000298 
 0.279999999999916          -0.000295 
 0.289999999999916          -0.000291 
 0.299999999999917          -0.000288 
 0.309999999999917          -0.000281 
 0.319999999999917          -0.000275 
 0.329999999999917          -0.000269 
 0.339999999999917          -0.000261 
 0.349999999999917          -0.000253 
 0.359999999999917          -0.000243 
 0.369999999999917          -0.000225 
 0.379999999999917          -0.00021 
 0.389999999999917          -0.000194 
 0.399999999999917          -0.000172 
 0.409999999999917          -0.000148 
 0.419999999999917          -0.000121 
 0.429999999999917          -0.0000881 
 0.439999999999917          -0.0000381 
 0.449999999999917           0.00000129 
 0.459999999999917           0.0000491 
 0.469999999999917           0.0001036 
 0.479999999999917           0.000164 
 0.489999999999917           0.000233 
 0.499999999999917           0.000308 
 0.509999999999917           0.000421 
 0.519999999999917           0.000517 
 0.529999999999917           0.000622 
 0.539999999999917           0.000735 
 0.549999999999917           0.000845 
 0.559999999999917           0.000967 
 0.569999999999917           0.001154 
 0.579999999999917           0.00132 
 0.589999999999917           0.001487 
 0.599999999999917           0.00166 
 0.609999999999917           0.00186 
 0.619999999999917           0.00207 
 0.629999999999917           0.00233 
 0.639999999999917           0.00269 
 0.649999999999917           0.00297 
 0.659999999999917           0.00327 
 0.669999999999917           0.00363 
 0.679999999999917           0.00407 
 0.689999999999917           0.00451 
 0.699999999999917           0.00502 
 0.709999999999917           0.00581 
 0.719999999999917           0.00647 
 0.729999999999917           0.00731 
 0.739999999999917           0.00822 
 0.749999999999917           0.00921 
