U[V]          I[A]
-6             0 
-5.99          0 
-5.98          0 
-5.97          0 
-5.96          0 
-5.95          0 
-5.94          0 
-5.93          0 
-5.92          0 
-5.91          0 
-5.9           0 
-5.89          0 
-5.88          0 
-5.87          0 
-5.86          0 
-5.85          0 
-5.84          0 
-5.83          0 
-5.82          0 
-5.81          0 
-5.8           0 
-5.79          0 
-5.78          0 
-5.77          0 
-5.76000000000001            0 
-5.75000000000001            0 
-5.74000000000001            0 
-5.73000000000001            0 
-5.72000000000001            0 
-5.71000000000001            0 
-5.70000000000001            0 
-5.69000000000001            0 
-5.68000000000001            0 
-5.67000000000001            0 
-5.66000000000001            0 
-5.65000000000001            0 
-5.64000000000001            0 
-5.63000000000001            0 
-5.62000000000001            0 
-5.61000000000001            0 
-5.60000000000001            0 
-5.59000000000001            0 
-5.58000000000001            0 
-5.57000000000001            0 
-5.56000000000001            0 
-5.55000000000001            0 
-5.54000000000001            0 
-5.53000000000001            0 
-5.52000000000001            0 
-5.51000000000001            0 
-5.50000000000001            0 
-5.49000000000001            0 
-5.48000000000001            0 
-5.47000000000001            0 
-5.46000000000001            0 
-5.45000000000001            0 
-5.44000000000001            0 
-5.43000000000001            0 
-5.42000000000001            0 
-5.41000000000001            0 
-5.40000000000001            0 
-5.39000000000001            0 
-5.38000000000001            0 
-5.37000000000001            0 
-5.36000000000001            0 
-5.35000000000001            0 
-5.34000000000001            0 
-5.33000000000001            0 
-5.32000000000001            0 
-5.31000000000001            0 
-5.30000000000001            0 
-5.29000000000002            0 
-5.28000000000002            0 
-5.27000000000002            0 
-5.26000000000002            0 
-5.25000000000002            0 
-5.24000000000002            0 
-5.23000000000002            0 
-5.22000000000002            0 
-5.21000000000002            0 
-5.20000000000002            0 
-5.19000000000002            0 
-5.18000000000002            0 
-5.17000000000002            0 
-5.16000000000002            0 
-5.15000000000002            0 
-5.14000000000002            0 
-5.13000000000002            0 
-5.12000000000002            0 
-5.11000000000002            0 
-5.10000000000002            0 
-5.09000000000002            0 
-5.08000000000002            0 
-5.07000000000002            0 
-5.06000000000002            0 
-5.05000000000002            0 
-5.04000000000002            0 
-5.03000000000002            0 
-5.02000000000002            0 
-5.01000000000002            0 
-5.00000000000002            0 
-4.99000000000002            0 
-4.98000000000002            0 
-4.97000000000002            0 
-4.96000000000002            0 
-4.95000000000002            0 
-4.94000000000002            0 
-4.93000000000002            0 
-4.92000000000002            0 
-4.91000000000002            0 
-4.90000000000002            0 
-4.89000000000002            0 
-4.88000000000002            0 
-4.87000000000002            0 
-4.86000000000002            0 
-4.85000000000002            0 
-4.84000000000002            0 
-4.83000000000002            0 
-4.82000000000003            0 
-4.81000000000003            0 
-4.80000000000003            0 
-4.79000000000003            0 
-4.78000000000003            0 
-4.77000000000003            0 
-4.76000000000003            0 
-4.75000000000003            0 
-4.74000000000003            0 
-4.73000000000003            0 
-4.72000000000003            0 
-4.71000000000003            0 
-4.70000000000003            0 
-4.69000000000003            0 
-4.68000000000003            0 
-4.67000000000003            0 
-4.66000000000003            0 
-4.65000000000003            0 
-4.64000000000003            0 
-4.63000000000003            0 
-4.62000000000003            0 
-4.61000000000003            0 
-4.60000000000003            0 
-4.59000000000003            0 
-4.58000000000003            0 
-4.57000000000003            0 
-4.56000000000003            0 
-4.55000000000003            0 
-4.54000000000003            0 
-4.53000000000003            0 
-4.52000000000003            0 
-4.51000000000003            0 
-4.50000000000003            0 
-4.49000000000003            0 
-4.48000000000003            0 
-4.47000000000003            0 
-4.46000000000003            0 
-4.45000000000003            0 
-4.44000000000003            0 
-4.43000000000003            0 
-4.42000000000003            0 
-4.41000000000003            0 
-4.40000000000003            0 
-4.39000000000003            0 
-4.38000000000003            0 
-4.37000000000003            0 
-4.36000000000004            0 
-4.35000000000004            0 
-4.34000000000004            0 
-4.33000000000004            0 
-4.32000000000004            0 
-4.31000000000004            0 
-4.30000000000004            0 
-4.29000000000004            0 
-4.28000000000004            0 
-4.27000000000004            0 
-4.26000000000004            0 
-4.25000000000004            0 
-4.24000000000004            0 
-4.23000000000004            0 
-4.22000000000004            0 
-4.21000000000004            0 
-4.20000000000004            0 
-4.19000000000004            0 
-4.18000000000004            0 
-4.17000000000004            0 
-4.16000000000004            0 
-4.15000000000004            0 
-4.14000000000004            0 
-4.13000000000004            0 
-4.12000000000004            0 
-4.11000000000004            0 
-4.10000000000004            0 
-4.09000000000004            0 
-4.08000000000004            0 
-4.07000000000004            0 
-4.06000000000004            0 
-4.05000000000004            0 
-4.04000000000004            0 
-4.03000000000004            0 
-4.02000000000004            0 
-4.01000000000004            0 
-4.00000000000004            0 
-3.99000000000004            0 
-3.98000000000004            0 
-3.97000000000004            0 
-3.96000000000004            0 
-3.95000000000004            0 
-3.94000000000004            0 
-3.93000000000004            0 
-3.92000000000004            0 
-3.91000000000004            0 
-3.90000000000004            0 
-3.89000000000005            0 
-3.88000000000005            0 
-3.87000000000005            0 
-3.86000000000005            0 
-3.85000000000005            0 
-3.84000000000005            0 
-3.83000000000005            0 
-3.82000000000005            0 
-3.81000000000005            0 
-3.80000000000005            0 
-3.79000000000005            0 
-3.78000000000005            0 
-3.77000000000005            0 
-3.76000000000005            0 
-3.75000000000005            0 
-3.74000000000005            0 
-3.73000000000005            0 
-3.72000000000005            0 
-3.71000000000005            0 
-3.70000000000005            0 
-3.69000000000005            0 
-3.68000000000005            0 
-3.67000000000005            0 
-3.66000000000005            0 
-3.65000000000005            0 
-3.64000000000005            0 
-3.63000000000005            0 
-3.62000000000005            0 
-3.61000000000005            0 
-3.60000000000005            0 
-3.59000000000005            0 
-3.58000000000005            0 
-3.57000000000005            0 
-3.56000000000005            0 
-3.55000000000005            0 
-3.54000000000005            0 
-3.53000000000005            0 
-3.52000000000005            0 
-3.51000000000005            0 
-3.50000000000005            0 
-3.49000000000005            0 
-3.48000000000005            0 
-3.47000000000005            0 
-3.46000000000005            0 
-3.45000000000005            0 
-3.44000000000005            0 
-3.43000000000005            0 
-3.42000000000006            0 
-3.41000000000006            0 
-3.40000000000006            0 
-3.39000000000006            0 
-3.38000000000006            0 
-3.37000000000006            0 
-3.36000000000006            0 
-3.35000000000006            0 
-3.34000000000006            0 
-3.33000000000006            0 
-3.32000000000006            0 
-3.31000000000006            0 
-3.30000000000006            0 
-3.29000000000006            0 
-3.28000000000006            0 
-3.27000000000006            0 
-3.26000000000006            0 
-3.25000000000006            0 
-3.24000000000006            0 
-3.23000000000006            0 
-3.22000000000006            0 
-3.21000000000006            0 
-3.20000000000006            0 
-3.19000000000006            0 
-3.18000000000006            0 
-3.17000000000006            0 
-3.16000000000006            0 
-3.15000000000006            0 
-3.14000000000006            0 
-3.13000000000006            0 
-3.12000000000006            0 
-3.11000000000006            0 
-3.10000000000006            0 
-3.09000000000006            0 
-3.08000000000006            0 
-3.07000000000006            0 
-3.06000000000006            0 
-3.05000000000006            0 
-3.04000000000006            0 
-3.03000000000006            0 
-3.02000000000006            0 
-3.01000000000006            0 
-3.00000000000006            0 
-2.99000000000006            0 
-2.98000000000006            0 
-2.97000000000006            0 
-2.96000000000006            0 
-2.95000000000007            0 
-2.94000000000007            0 
-2.93000000000007            0 
-2.92000000000007            0 
-2.91000000000007            0 
-2.90000000000007            0 
-2.89000000000007            0 
-2.88000000000007            0 
-2.87000000000007            0 
-2.86000000000007            0 
-2.85000000000007            0 
-2.84000000000007            0 
-2.83000000000007            0 
-2.82000000000007            0 
-2.81000000000007            0 
-2.80000000000007            0 
-2.79000000000007            0 
-2.78000000000007            0 
-2.77000000000007            0 
-2.76000000000007            0 
-2.75000000000007            0 
-2.74000000000007            0 
-2.73000000000007            0 
-2.72000000000007            0 
-2.71000000000007            0 
-2.70000000000007            0 
-2.69000000000007            0 
-2.68000000000007            0 
-2.67000000000007            0 
-2.66000000000007            0 
-2.65000000000007            0 
-2.64000000000007            0 
-2.63000000000007            0 
-2.62000000000007            0 
-2.61000000000007            0 
-2.60000000000007            0 
-2.59000000000007            0 
-2.58000000000007            0 
-2.57000000000007            0 
-2.56000000000007            0 
-2.55000000000007            0 
-2.54000000000007            0 
-2.53000000000007            0 
-2.52000000000007            0 
-2.51000000000007            0 
-2.50000000000007            0 
-2.49000000000007            0 
-2.48000000000008            0 
-2.47000000000008            0 
-2.46000000000008            0 
-2.45000000000008            0 
-2.44000000000008            0 
-2.43000000000008            0 
-2.42000000000008            0 
-2.41000000000008            0 
-2.40000000000008            0 
-2.39000000000008            0 
-2.38000000000008            0 
-2.37000000000008            0 
-2.36000000000008            0 
-2.35000000000008            0 
-2.34000000000008            0 
-2.33000000000008            0 
-2.32000000000008            0 
-2.31000000000008            0 
-2.30000000000008            0 
-2.29000000000008            0 
-2.28000000000008            0 
-2.27000000000008            0 
-2.26000000000008            0 
-2.25000000000008            0 
-2.24000000000008            0 
-2.23000000000008            0 
-2.22000000000008            0 
-2.21000000000008            0 
-2.20000000000008            0 
-2.19000000000008            0 
-2.18000000000008            0 
-2.17000000000008            0 
-2.16000000000008            0 
-2.15000000000008            0 
-2.14000000000008            0 
-2.13000000000008            0 
-2.12000000000008            0 
-2.11000000000008            0 
-2.10000000000008            0 
-2.09000000000008            0 
-2.08000000000008            0 
-2.07000000000008            0 
-2.06000000000008            0 
-2.05000000000008            0 
-2.04000000000008            0 
-2.03000000000008            0 
-2.02000000000008            0 
-2.01000000000009            0 
-2.00000000000009            0 
-1.99000000000009            0 
-1.98000000000009            0 
-1.97000000000009            0 
-1.96000000000009            0 
-1.95000000000009            0 
-1.94000000000009            0 
-1.93000000000009            0 
-1.92000000000009            0 
-1.91000000000009            0 
-1.90000000000009            0 
-1.89000000000009            0 
-1.88000000000009            0 
-1.87000000000009            0 
-1.86000000000009            0 
-1.85000000000009            0 
-1.84000000000009            0 
-1.83000000000009            0 
-1.82000000000009            0 
-1.81000000000009            0 
-1.80000000000009            0 
-1.79000000000009            0 
-1.78000000000009            0 
-1.77000000000009            0 
-1.76000000000009            0 
-1.75000000000009            0 
-1.74000000000009            0 
-1.73000000000009            0 
-1.72000000000009            0 
-1.71000000000009            0 
-1.70000000000009            0 
-1.69000000000008            0 
-1.68000000000008            0 
-1.67000000000008            0 
-1.66000000000008            0 
-1.65000000000008            0 
-1.64000000000008            0 
-1.63000000000008            0 
-1.62000000000008            0 
-1.61000000000008            0 
-1.60000000000008            0 
-1.59000000000008            0 
-1.58000000000008            0 
-1.57000000000008            0 
-1.56000000000008            0 
-1.55000000000008            0 
-1.54000000000008            0 
-1.53000000000008            0 
-1.52000000000008            0 
-1.51000000000008            0 
-1.50000000000008            0 
-1.49000000000008            0 
-1.48000000000008            0 
-1.47000000000008            0 
-1.46000000000008            0 
-1.45000000000008            0 
-1.44000000000008            0 
-1.43000000000008            0 
-1.42000000000008            0 
-1.41000000000008            0 
-1.40000000000008            0 
-1.39000000000008            0 
-1.38000000000008            0 
-1.37000000000008            0 
-1.36000000000008            0 
-1.35000000000008            0 
-1.34000000000008            0 
-1.33000000000008            0 
-1.32000000000008            0 
-1.31000000000008            0 
-1.30000000000008            0 
-1.29000000000008            0 
-1.28000000000008            0 
-1.27000000000008            0 
-1.26000000000008            0 
-1.25000000000008            0 
-1.24000000000008            0 
-1.23000000000008            0 
-1.22000000000008            0 
-1.21000000000008            0 
-1.20000000000008            0 
-1.19000000000008            0 
-1.18000000000008            0 
-1.17000000000008            0 
-1.16000000000008            0 
-1.15000000000008            0 
-1.14000000000008            0 
-1.13000000000008            0 
-1.12000000000008            0 
-1.11000000000008            0 
-1.10000000000008            0 
-1.09000000000008            0 
-1.08000000000008            0 
-1.07000000000008            0 
-1.06000000000008            0 
-1.05000000000008            0 
-1.04000000000008            0 
-1.03000000000008            0 
-1.02000000000008            0 
-1.01000000000008            0 
-1.00000000000008            0 
-0.990000000000084           0 
-0.980000000000084           0 
-0.970000000000084           0 
-0.960000000000084           0 
-0.950000000000084           0 
-0.940000000000084           0 
-0.930000000000084           0 
-0.920000000000084           0 
-0.910000000000084           0 
-0.900000000000084           0 
-0.890000000000084           0 
-0.880000000000084           0 
-0.870000000000084           0 
-0.860000000000084           0 
-0.850000000000084           0 
-0.840000000000084           0 
-0.830000000000084           0 
-0.820000000000084           0 
-0.810000000000084           0 
-0.800000000000084           0 
-0.790000000000084           0 
-0.780000000000084           0 
-0.770000000000084           0 
-0.760000000000084           0 
-0.750000000000084           0 
-0.740000000000084           0 
-0.730000000000084           0 
-0.720000000000084           0 
-0.710000000000084           0 
-0.700000000000084           0 
-0.690000000000084           0 
-0.680000000000084           0 
-0.670000000000084           0 
-0.660000000000084           0 
-0.650000000000084           0 
-0.640000000000084           0 
-0.630000000000084           0 
-0.620000000000084           0 
-0.610000000000084           0 
-0.600000000000084           0 
-0.590000000000084           0 
-0.580000000000084           0 
-0.570000000000084           0 
-0.560000000000084           0 
-0.550000000000084           0 
-0.540000000000084           0 
-0.530000000000084           0 
-0.520000000000084           0 
-0.510000000000084           0 
-0.500000000000084           0 
-0.490000000000084           0 
-0.480000000000084           0 
-0.470000000000084           0 
-0.460000000000084           0 
-0.450000000000084           0 
-0.440000000000084           0 
-0.430000000000084           0 
-0.420000000000084           0 
-0.410000000000084           0 
-0.400000000000084           0 
-0.390000000000084           0 
-0.380000000000084           0 
-0.370000000000084           0 
-0.360000000000084           0 
-0.350000000000084           0 
-0.340000000000084           0 
-0.330000000000084           0 
-0.320000000000084           0 
-0.310000000000084           0 
-0.300000000000084           0 
-0.290000000000084           0 
-0.280000000000084           0 
-0.270000000000084           0 
-0.260000000000084           0 
-0.250000000000084           0 
-0.240000000000084           0 
-0.230000000000084           0 
-0.220000000000084           0 
-0.210000000000084           0 
-0.200000000000084           0 
-0.190000000000084           0 
-0.180000000000084           0 
-0.170000000000084           0 
-0.160000000000084           0 
-0.150000000000084           0 
-0.140000000000084           0 
-0.130000000000084           0 
-0.120000000000084           0 
-0.110000000000084           0 
-0.100000000000084           0 
-9.00000000000836E-02        0 
-8.00000000000836E-02        0 
-7.00000000000836E-02        0 
-6.00000000000836E-02        0 
-5.00000000000836E-02        0 
-4.00000000000836E-02        0 
-3.00000000000836E-02        0 
-2.00000000000836E-02        0 
-1.00000000000836E-02        0 
-8.3624079882938E-14         0 
 9.99999999991638E-03        0 
 1.99999999999164E-02        0 
 2.99999999999164E-02        0 
 3.99999999999164E-02        0 
 4.99999999999164E-02        0 
 5.99999999999164E-02        0 
 6.99999999999164E-02        0 
 7.99999999999164E-02        0 
 8.99999999999164E-02        0 
 9.99999999999164E-02        0 
 0.109999999999916           0 
 0.119999999999916           0 
 0.129999999999916           0 
 0.139999999999916           0 
 0.149999999999916           0 
 0.159999999999916           0 
 0.169999999999916           0 
 0.179999999999916           0 
 0.189999999999916           0 
 0.199999999999916           0 
 0.209999999999916           0 
 0.219999999999916           0 
 0.229999999999916           0 
 0.239999999999916           0 
 0.249999999999916           0 
 0.259999999999916           0 
 0.269999999999916           0 
 0.279999999999916           0 
 0.289999999999916           0 
 0.299999999999917           0 
 0.309999999999917           0 
 0.319999999999917           0 
 0.329999999999917           0 
 0.339999999999917           0 
 0.349999999999917           0 
 0.359999999999917           0 
 0.369999999999917           0 
 0.379999999999917           0 
 0.389999999999917           0 
 0.399999999999917           0 
 0.409999999999917           0 
 0.419999999999917           0 
 0.429999999999917           0 
 0.439999999999917           0 
 0.449999999999917           0 
 0.459999999999917           0 
 0.469999999999917           0 
 0.479999999999917           0 
 0.489999999999917           0 
 0.499999999999917           0 
 0.509999999999917           0 
 0.519999999999917           0 
 0.529999999999917           0 
 0.539999999999917           0 
 0.549999999999917           0 
 0.559999999999917           0 
 0.569999999999917           0 
 0.579999999999917           0 
 0.589999999999917           0 
 0.599999999999917           0 
 0.609999999999917           0 
 0.619999999999917           0 
 0.629999999999917           0 
 0.639999999999917           0 
 0.649999999999917           0 
 0.659999999999917           0 
 0.669999999999917           0 
 0.679999999999917           0 
 0.689999999999917           0 
 0.699999999999917           0 
 0.709999999999917           0 
 0.719999999999917           0 
 0.729999999999917           0 
 0.739999999999917           0 
 0.749999999999917           0 
 0.759999999999917           0 
 0.769999999999917           0 
 0.779999999999917           0 
 0.789999999999917           0 
 0.799999999999917           0 
 0.809999999999917           0 
 0.819999999999917           0 
 0.829999999999917           0 
 0.839999999999917           0 
 0.849999999999917           0 
 0.859999999999917           0 
 0.869999999999917           0 
 0.879999999999917           0 
 0.889999999999917           0 
 0.899999999999917           0 
 0.909999999999917           0 
 0.919999999999917           0 
 0.929999999999917           0 
 0.939999999999917           0 
 0.949999999999917           0 
 0.959999999999917           0 
 0.969999999999917           0 
 0.979999999999917           0 
 0.989999999999917           0 
 0.999999999999917           0 
 1.00999999999992            0 
 1.01999999999992            0 
 1.02999999999992            0 
 1.03999999999992            0 
 1.04999999999992            0 
 1.05999999999992            0 
 1.06999999999992            0 
 1.07999999999992            0 
 1.08999999999992            0 
 1.09999999999992            0 
 1.10999999999992            0 
 1.11999999999992            0 
 1.12999999999992            0 
 1.13999999999992            0 
 1.14999999999992            0 
 1.15999999999992            0 
 1.16999999999992            0 
 1.17999999999992            0 
 1.18999999999992            0 
 1.19999999999992            0 
 1.20999999999992            0 
 1.21999999999992            0 
 1.22999999999992            0 
 1.23999999999992            0 
 1.24999999999992            0 
 1.25999999999992            0 
 1.26999999999992            0 
 1.27999999999992            0 
 1.28999999999992            0 
 1.29999999999992            0 
 1.30999999999992            0 
 1.31999999999992            0 
 1.32999999999992            0 
 1.33999999999992            0 
 1.34999999999992            0 
 1.35999999999992            0 
 1.36999999999992            0 
 1.37999999999992            0 
 1.38999999999992            0 
 1.39999999999992            0 
 1.40999999999992            0 
 1.41999999999992            0 
 1.42999999999992            0 
 1.43999999999992            0 
 1.44999999999992            0 
 1.45999999999992            0 
 1.46999999999992            0 
 1.47999999999992            0 
 1.48999999999992            0 
 1.49999999999992            0 
 1.50999999999992            0 
 1.51999999999992            0 
 1.52999999999992            0 
 1.53999999999992            0 
 1.54999999999992            0 
 1.55999999999992            0 
 1.56999999999992            0 
 1.57999999999992            0 
 1.58999999999992            0 
 1.59999999999992            0 
 1.60999999999992            0 
 1.61999999999992            0 
 1.62999999999992            0 
 1.63999999999992            0 
 1.64999999999992            0 
 1.65999999999992            0 
 1.66999999999992            0 
 1.67999999999992            0 
 1.68999999999992            0 
 1.69999999999992            0 
 1.70999999999992            0 
 1.71999999999992            0 
 1.72999999999992            0 
 1.73999999999992            0 
 1.74999999999992            0 
 1.75999999999992            0 
 1.76999999999992            0 
 1.77999999999992            0 
 1.78999999999992            0 
 1.79999999999992            0 
 1.80999999999992            0 
 1.81999999999992            0 
 1.82999999999992            0 
 1.83999999999992            0 
 1.84999999999992            0 
 1.85999999999992            0 
 1.86999999999992            0 
 1.87999999999992            0 
 1.88999999999992            0 
 1.89999999999992            0 
 1.90999999999992            0 
 1.91999999999992            0 
 1.92999999999992            0 
 1.93999999999992            0 
 1.94999999999992            0 
 1.95999999999992            0 
 1.96999999999992            0 
 1.97999999999992            0 
 1.98999999999992            0 
 1.99999999999992            0 
 2.00999999999992            0 
 2.01999999999992            0 
 2.02999999999992            0 
 2.03999999999992            0 
 2.04999999999992            0 
 2.05999999999992            0 
 2.06999999999992            0 
 2.07999999999992            0 
 2.08999999999992            0 
 2.09999999999992            0 
 2.10999999999992            0 
 2.11999999999992            0 
 2.12999999999992            0 
 2.13999999999991            0 
 2.14999999999991            0 
 2.15999999999991            0 
 2.16999999999991            0 
 2.17999999999991            0 
 2.18999999999991            0 
 2.19999999999991            0 
 2.20999999999991            0 
 2.21999999999991            0 
 2.22999999999991            0 
 2.23999999999991            0 
 2.24999999999991            0 
 2.25999999999991            0 
 2.26999999999991            0 
 2.27999999999991            0 
 2.28999999999991            0 
 2.29999999999991            0 
 2.30999999999991            0 
 2.31999999999991            0 
 2.32999999999991            0 
 2.33999999999991            0 
 2.34999999999991            0 
 2.35999999999991            0 
 2.36999999999991            0 
 2.37999999999991            0 
 2.38999999999991            0 
 2.39999999999991            0 
 2.40999999999991            0 
 2.41999999999991            0 
 2.42999999999991            0 
 2.43999999999991            0 
 2.44999999999991            0 
 2.45999999999991            0 
 2.46999999999991            0 
 2.47999999999991            0 
 2.48999999999991            0 
 2.49999999999991            0 
 2.50999999999991            0 
 2.51999999999991            0 
 2.52999999999991            0 
 2.53999999999991            0 
 2.54999999999991            0 
 2.55999999999991            0 
 2.56999999999991            0 
 2.57999999999991            0 
 2.58999999999991            0 
 2.59999999999991            0 
 2.6099999999999             0 
 2.6199999999999             0 
 2.6299999999999             0 
 2.6399999999999             0 
 2.6499999999999             0 
 2.6599999999999             0 
 2.6699999999999             0 
 2.6799999999999             0 
 2.6899999999999             0 
 2.6999999999999             0 
 2.7099999999999             0 
 2.7199999999999             0 
 2.7299999999999             0 
 2.7399999999999             0 
 2.7499999999999             0 
 2.7599999999999             0 
 2.7699999999999             0 
 2.7799999999999             0 
 2.7899999999999             0 
 2.7999999999999             0 
 2.8099999999999             0 
 2.8199999999999             0 
 2.8299999999999             0 
 2.8399999999999             0 
 2.8499999999999             0 
 2.8599999999999             0 
 2.8699999999999             0 
 2.8799999999999             0 
 2.8899999999999             0 
 2.8999999999999             0 
 2.9099999999999             0 
 2.9199999999999             0 
 2.9299999999999             0 
 2.9399999999999             0 
 2.9499999999999             0 
 2.9599999999999             0 
 2.9699999999999             0 
 2.9799999999999             0 
 2.9899999999999             0 
 2.9999999999999             0 
 3.0099999999999             0 
 3.0199999999999             0 
 3.0299999999999             0 
 3.0399999999999             0 
 3.0499999999999             0 
 3.0599999999999             0 
 3.0699999999999             0 
 3.07999999999989            0 
 3.08999999999989            0 
 3.09999999999989            0 
 3.10999999999989            0 
 3.11999999999989            0 
 3.12999999999989            0 
 3.13999999999989            0 
 3.14999999999989            0 
 3.15999999999989            0 
 3.16999999999989            0 
 3.17999999999989            0 
 3.18999999999989            0 
 3.19999999999989            0 
 3.20999999999989            0 
 3.21999999999989            0 
 3.22999999999989            0 
 3.23999999999989            0 
 3.24999999999989            0 
 3.25999999999989            0 
 3.26999999999989            0 
 3.27999999999989            0 
 3.28999999999989            0 
 3.29999999999989            0 
 3.30999999999989            0 
 3.31999999999989            0 
 3.32999999999989            0 
 3.33999999999989            0 
 3.34999999999989            0 
 3.35999999999989            0 
 3.36999999999989            0 
 3.37999999999989            0 
 3.38999999999989            0 
 3.39999999999989            0 
 3.40999999999989            0 
 3.41999999999989            0 
 3.42999999999989            0 
 3.43999999999989            0 
 3.44999999999989            0 
 3.45999999999989            0 
 3.46999999999989            0 
 3.47999999999989            0 
 3.48999999999989            0 
 3.49999999999989            0 
 3.50999999999989            0 
 3.51999999999989            0 
 3.52999999999989            0 
 3.53999999999989            0 
 3.54999999999988            0 
 3.55999999999988            0 
 3.56999999999988            0 
 3.57999999999988            0 
 3.58999999999988            0 
 3.59999999999988            0 
 3.60999999999988            0 
 3.61999999999988            0 
 3.62999999999988            0 
 3.63999999999988            0 
 3.64999999999988            0 
 3.65999999999988            0 
 3.66999999999988            0 
 3.67999999999988            0 
 3.68999999999988            0 
 3.69999999999988            0 
 3.70999999999988            0 
 3.71999999999988            0 
 3.72999999999988            0 
 3.73999999999988            0 
 3.74999999999988            0 
 3.75999999999988            0 
 3.76999999999988            0 
 3.77999999999988            0 
 3.78999999999988            0 
 3.79999999999988            0 
 3.80999999999988            0 
 3.81999999999988            0 
 3.82999999999988            0 
 3.83999999999988            0 
 3.84999999999988            0 
 3.85999999999988            0 
 3.86999999999988            0 
 3.87999999999988            0 
 3.88999999999988            0 
 3.89999999999988            0 
 3.90999999999988            0 
 3.91999999999988            0 
 3.92999999999988            0 
 3.93999999999988            0 
 3.94999999999988            0 
 3.95999999999988            0 
 3.96999999999988            0 
 3.97999999999988            0 
 3.98999999999988            0 
 3.99999999999988            0 
