U[V]          I[A]
-6            -0.00000001 
-5.97         -0.00000001 
-5.94         -0.00000001 
-5.91         -0.00000001 
-5.88         -0.00000001 
-5.85         -0.00000001 
-5.82         -0.00000001 
-5.79         -0.00000001 
-5.76         -0.00000001 
-5.73         -0.00000001 
-5.7          -0.00000001 
-5.67         -0.00000001 
-5.64         -0.00000001 
-5.61         -0.00000001 
-5.58         -0.00000001 
-5.55         -0.00000001 
-5.52         -0.00000001 
-5.49         -0.00000001 
-5.46         -0.00000001 
-5.43         -0.00000001 
-5.4          -0.00000001 
-5.36999999999999           -0.00000001 
-5.33999999999999           -0.00000001 
-5.30999999999999           -0.00000001 
-5.27999999999999           -0.00000001 
-5.24999999999999           -0.00000001 
-5.21999999999999           -0.00000001 
-5.18999999999999           -0.00000001 
-5.15999999999999           -0.00000001 
-5.12999999999999           -0.00000001 
-5.09999999999999           -0.00000001 
-5.06999999999999           -0.00000001 
-5.03999999999999           -0.00000001 
-5.00999999999999           -0.00000001 
-4.97999999999999           -0.00000001 
-4.94999999999999           -0.00000001 
-4.91999999999999           -0.00000001 
-4.88999999999999           -0.00000001 
-4.85999999999999           -0.00000001 
-4.82999999999999           -0.00000001 
-4.79999999999999           -0.00000001 
-4.76999999999999           -0.00000001 
-4.73999999999999           -0.00000001 
-4.70999999999999           -0.00000001 
-4.67999999999999           -0.00000001 
-4.64999999999999           -0.00000001 
-4.61999999999999           -0.00000001 
-4.58999999999999           -0.00000001 
-4.55999999999999           -0.00000001 
-4.52999999999999           -0.00000001 
-4.49999999999999           -0.00000001 
-4.46999999999999           -0.00000001 
-4.43999999999999           -0.00000001 
-4.40999999999999           -0.00000001 
-4.37999999999999           -0.00000001 
-4.34999999999999           -0.00000001 
-4.31999999999999           -0.00000001 
-4.28999999999999           -0.00000001 
-4.25999999999999           -0.00000001 
-4.22999999999999           -0.00000001 
-4.19999999999999           -0.00000001 
-4.16999999999998           -0.00000001 
-4.13999999999998           -0.00000001 
-4.10999999999998           -0.00000001 
-4.07999999999998           -0.00000001 
-4.04999999999998           -0.00000001 
-4.01999999999998           -0.00000001 
-3.98999999999998           -0.00000001 
-3.95999999999998           -0.00000001 
-3.92999999999998           -0.00000001 
-3.89999999999998           -0.00000001 
-3.86999999999998           -0.00000001 
-3.83999999999998           -0.00000001 
-3.80999999999999           -0.00000001 
-3.77999999999999           -0.00000001 
-3.74999999999999           -0.00000001 
-3.71999999999999           -0.00000001 
-3.68999999999999           -0.00000001 
-3.65999999999999           -0.00000001 
-3.62999999999999           -0.00000001 
-3.59999999999999           -0.00000001 
-3.56999999999999           -0.00000001 
-3.53999999999999           -0.00000001 
-3.50999999999999           -0.00000001 
-3.47999999999999           -0.00000001 
-3.44999999999999           -0.00000001 
-3.41999999999999           -0.00000001 
-3.38999999999999           -0.00000001 
-3.35999999999999           -0.00000001 
-3.32999999999999           -0.00000001 
-3.29999999999999           -0.00000001 
-3.26999999999999           -0.00000001 
-3.23999999999999           -0.00000001 
-3.20999999999999           -0.00000001 
-3.17999999999999           -0.00000001 
-3.14999999999999           -0.00000001 
-3.11999999999999           -0.00000001 
-3.08999999999999           -0.00000001 
-3.05999999999999           -0.00000001 
-3.02999999999999           -0.00000001 
-2.99999999999999           -0.00000001 
-2.96999999999999           -0.00000001 
-2.93999999999999           -0.00000001 
-2.90999999999999           -0.00000001 
-2.87999999999999           -0.00000001 
-2.84999999999999           -0.00000001 
-2.81999999999999           -0.00000001 
-2.78999999999999           -0.00000001 
-2.75999999999999           -0.00000001 
-2.72999999999999           -0.00000001 
-2.69999999999999           -0.00000001 
-2.66999999999999           -0.00000001 
-2.63999999999999           -0.00000001 
-2.60999999999999           -0.00000001 
-2.57999999999999           -0.00000001 
-2.54999999999999           -0.00000001 
-2.51999999999999           -0.00000001 
-2.48999999999999           -0.00000001 
-2.45999999999999           -0.00000001 
-2.42999999999999           -0.00000001 
-2.39999999999999           -0.00000001 
-2.36999999999999           -0.00000001 
-2.33999999999999           -0.00000001 
-2.30999999999999           -0.00000001 
-2.27999999999999           -0.00000001 
-2.25         -0.00000001 
-2.22         -0.00000001 
-2.19         -0.00000001 
-2.16         -0.00000001 
-2.13         -0.00000001 
-2.1          -0.00000001 
-2.07         -0.00000001 
-2.04         -0.00000001 
-2.01         -0.00000001 
-1.98         -0.00000001 
-1.95         -0.00000001 
-1.92         -0.00000001 
-1.89         -0.00000001 
-1.86         -0.00000001 
-1.83         -0.00000001 
-1.8          -0.00000001 
-1.77         -0.00000001 
-1.74         -0.00000001 
-1.71         -0.00000001 
-1.68         -0.00000001 
-1.65         -0.00000001 
-1.62         -0.00000001 
-1.59         -0.00000001 
-1.56         -0.00000001 
-1.53         -0.00000001 
-1.5          -0.00000001 
-1.47         -0.00000001 
-1.44         -0.00000001 
-1.41         -0.00000001 
-1.38         -0.00000001 
-1.35         -0.00000001 
-1.32         -0.00000001 
-1.29         -0.00000001 
-1.26         -0.00000001 
-1.23         -0.00000001 
-1.2          -0.00000001 
-1.17         -0.00000001 
-1.14         -0.00000001 
-1.11         -0.00000001 
-1.08         -0.00000001 
-1.05         -0.00000001 
-1.02         -0.00000001 
-0.989999999999996          -0.00000001 
-0.959999999999996          -0.00000001 
-0.929999999999996          -0.00000001 
-0.899999999999996          -0.00000001 
-0.869999999999996          -0.00000001 
-0.839999999999996          -0.00000001 
-0.809999999999996          -0.00000001 
-0.779999999999996          -0.00000001 
-0.749999999999996          -0.00000001 
-0.719999999999996          -0.00000001 
-0.689999999999996          -0.00000001 
-0.659999999999995          -0.00000001 
-0.629999999999995          -0.00000001 
-0.599999999999995          -0.00000001 
-0.569999999999995          -0.00000001 
-0.539999999999995          -0.00000001 
-0.509999999999995          -0.00000001 
-0.479999999999995          -0.00000001 
-0.449999999999995          -0.00000001 
-0.419999999999995          -0.00000001 
-0.389999999999995          -0.00000001 
-0.359999999999995          -0.00000001 
-0.329999999999995          -0.00000001 
-0.299999999999995          -0.00000001 
-0.269999999999995          -0.00000001 
-0.239999999999995          -0.00000001 
-0.209999999999995          -0.00000001 
-0.179999999999995          -0.00000001 
-0.149999999999995          -0.00000001 
-0.119999999999995          -0.00000001 
-8.99999999999951E-02       -0.00000001 
-5.99999999999951E-02       -0.00000001 
-2.99999999999951E-02       -0.00000001 
 4.85722573273506E-15       -0.00000001 
 3.00000000000049E-02       -0.00000001 
 6.00000000000049E-02       -0.00000001 
 9.00000000000049E-02        0 
 0.120000000000005           0 
 0.150000000000005           0 
 0.180000000000005           0.00000003 
 0.210000000000005           0.00000006 
 0.240000000000005           0.00000016 
 0.270000000000005           0.00000036 
 0.300000000000005           0.0000008 
 0.330000000000005           0.00000206 
 0.360000000000005           0.00000467 
 0.390000000000005           0.00001197 
 0.420000000000005           0.0000273 
 0.450000000000005           0.0000624 
 0.480000000000005           0.0001271 
 0.510000000000005           0.000265 
 0.540000000000005           0.000506 
 0.570000000000005           0.00099 
 0.600000000000005           0.00184 
 0.630000000000005           0.00347 
 0.660000000000005           0.00688 
 0.690000000000005           0.01313 
