U[V]          I[A]
-6            -0.00000149 
-5.97         -0.00000149 
-5.94         -0.00000149 
-5.91         -0.00000149 
-5.88         -0.00000148 
-5.85         -0.00000148 
-5.82         -0.00000148 
-5.79         -0.00000147 
-5.76         -0.00000147 
-5.73         -0.00000147 
-5.7          -0.00000146 
-5.67         -0.00000146 
-5.64         -0.00000146 
-5.61         -0.00000145 
-5.58         -0.00000145 
-5.55         -0.00000145 
-5.52         -0.00000144 
-5.49         -0.00000144 
-5.46         -0.00000144 
-5.43         -0.00000143 
-5.4          -0.00000143 
-5.36999999999999           -0.00000143 
-5.33999999999999           -0.00000143 
-5.30999999999999           -0.00000143 
-5.27999999999999           -0.00000142 
-5.24999999999999           -0.00000142 
-5.21999999999999           -0.00000142 
-5.18999999999999           -0.00000141 
-5.15999999999999           -0.00000141 
-5.12999999999999           -0.00000141 
-5.09999999999999           -0.0000014 
-5.06999999999999           -0.0000014 
-5.03999999999999           -0.0000014 
-5.00999999999999           -0.00000139 
-4.97999999999999           -0.00000139 
-4.94999999999999           -0.00000139 
-4.91999999999999           -0.00000138 
-4.88999999999999           -0.00000138 
-4.85999999999999           -0.00000138 
-4.82999999999999           -0.00000138 
-4.79999999999999           -0.00000137 
-4.76999999999999           -0.00000137 
-4.73999999999999           -0.00000137 
-4.70999999999999           -0.00000136 
-4.67999999999999           -0.00000136 
-4.64999999999999           -0.00000136 
-4.61999999999999           -0.00000135 
-4.58999999999999           -0.00000135 
-4.55999999999999           -0.00000135 
-4.52999999999999           -0.00000134 
-4.49999999999999           -0.00000134 
-4.46999999999999           -0.00000134 
-4.43999999999999           -0.00000134 
-4.40999999999999           -0.00000133 
-4.37999999999999           -0.00000133 
-4.34999999999999           -0.00000133 
-4.31999999999999           -0.00000132 
-4.28999999999999           -0.00000132 
-4.25999999999999           -0.00000132 
-4.22999999999999           -0.00000131 
-4.19999999999999           -0.00000131 
-4.16999999999998           -0.00000131 
-4.13999999999998           -0.0000013 
-4.10999999999998           -0.0000013 
-4.07999999999998           -0.0000013 
-4.04999999999998           -0.00000129 
-4.01999999999998           -0.00000129 
-3.98999999999998           -0.00000129 
-3.95999999999998           -0.00000128 
-3.92999999999998           -0.00000128 
-3.89999999999998           -0.00000128 
-3.86999999999998           -0.00000127 
-3.83999999999998           -0.00000127 
-3.80999999999999           -0.00000127 
-3.77999999999999           -0.00000126 
-3.74999999999999           -0.00000126 
-3.71999999999999           -0.00000126 
-3.68999999999999           -0.00000125 
-3.65999999999999           -0.00000125 
-3.62999999999999           -0.00000125 
-3.59999999999999           -0.00000124 
-3.56999999999999           -0.00000124 
-3.53999999999999           -0.00000124 
-3.50999999999999           -0.00000124 
-3.47999999999999           -0.00000123 
-3.44999999999999           -0.00000123 
-3.41999999999999           -0.00000122 
-3.38999999999999           -0.00000122 
-3.35999999999999           -0.00000122 
-3.32999999999999           -0.00000121 
-3.29999999999999           -0.00000121 
-3.26999999999999           -0.00000121 
-3.23999999999999           -0.0000012 
-3.20999999999999           -0.0000012 
-3.17999999999999           -0.0000012 
-3.14999999999999           -0.00000119 
-3.11999999999999           -0.00000119 
-3.08999999999999           -0.00000118 
-3.05999999999999           -0.00000118 
-3.02999999999999           -0.00000118 
-2.99999999999999           -0.00000118 
-2.96999999999999           -0.00000117 
-2.93999999999999           -0.00000117 
-2.90999999999999           -0.00000116 
-2.87999999999999           -0.00000116 
-2.84999999999999           -0.00000116 
-2.81999999999999           -0.00000115 
-2.78999999999999           -0.00000115 
-2.75999999999999           -0.00000115 
-2.72999999999999           -0.00000114 
-2.69999999999999           -0.00000114 
-2.66999999999999           -0.00000114 
-2.63999999999999           -0.00000113 
-2.60999999999999           -0.00000113 
-2.57999999999999           -0.00000113 
-2.54999999999999           -0.00000112 
-2.51999999999999           -0.00000112 
-2.48999999999999           -0.00000111 
-2.45999999999999           -0.00000111 
-2.42999999999999           -0.00000111 
-2.39999999999999           -0.0000011 
-2.36999999999999           -0.0000011 
-2.33999999999999           -0.0000011 
-2.30999999999999           -0.00000109 
-2.27999999999999           -0.00000109 
-2.25         -0.00000109 
-2.22         -0.00000108 
-2.19         -0.00000108 
-2.16         -0.00000108 
-2.13         -0.00000107 
-2.1          -0.00000107 
-2.07         -0.00000107 
-2.04         -0.00000106 
-2.01         -0.00000105 
-1.98         -0.00000105 
-1.95         -0.00000105 
-1.92         -0.00000104 
-1.89         -0.00000104 
-1.86         -0.00000104 
-1.83         -0.00000103 
-1.8          -0.00000103 
-1.77         -0.00000103 
-1.74         -0.00000102 
-1.71         -0.00000102 
-1.68         -0.00000101 
-1.65         -0.00000101 
-1.62         -0.00000101 
-1.59         -0.000001 
-1.56         -0.000001 
-1.53         -0.00000099 
-1.5          -0.00000098 
-1.47         -0.00000098 
-1.44         -0.00000098 
-1.41         -0.00000097 
-1.38         -0.00000097 
-1.35         -0.00000096 
-1.32         -0.00000096 
-1.29         -0.00000096 
-1.26         -0.00000095 
-1.23         -0.00000095 
-1.2          -0.00000095 
-1.17         -0.00000094 
-1.14         -0.00000093 
-1.11         -0.00000093 
-1.08         -0.00000092 
-1.05         -0.00000092 
-1.02         -0.00000092 
-0.989999999999996          -0.00000091 
-0.959999999999996          -0.00000091 
-0.929999999999996          -0.0000009 
-0.899999999999996          -0.00000089 
-0.869999999999996          -0.00000089 
-0.839999999999996          -0.00000089 
-0.809999999999996          -0.00000088 
-0.779999999999996          -0.00000087 
-0.749999999999996          -0.00000087 
-0.719999999999996          -0.00000086 
-0.689999999999996          -0.00000086 
-0.659999999999995          -0.00000085 
-0.629999999999995          -0.00000084 
-0.599999999999995          -0.00000084 
-0.569999999999995          -0.00000083 
-0.539999999999995          -0.00000083 
-0.509999999999995          -0.00000082 
-0.479999999999995          -0.00000082 
-0.449999999999995          -0.00000081 
-0.419999999999995          -0.0000008 
-0.389999999999995          -0.0000008 
-0.359999999999995          -0.00000079 
-0.329999999999995          -0.00000079 
-0.299999999999995          -0.00000078 
-0.269999999999995          -0.00000077 
-0.239999999999995          -0.00000076 
-0.209999999999995          -0.00000075 
-0.179999999999995          -0.00000074 
-0.149999999999995          -0.00000074 
-0.119999999999995          -0.00000072 
-8.99999999999951E-02       -0.00000068 
-5.99999999999951E-02       -0.00000061 
-2.99999999999951E-02       -0.00000036 
 4.85722573273506E-15        0.00000037 
 3.00000000000049E-02        0.00000252 
 6.00000000000049E-02        0.00000957 
 9.00000000000049E-02        0.0000302 
 0.120000000000005           0.0001084 
 0.150000000000005           0.000301 
 0.180000000000005           0.00102 
 0.210000000000005           0.00283 
 0.240000000000005           0.00878 
