U[V]          I[A]
-0.1          -0.00718 
-0.09         -0.00621 
-0.08         -0.00526 
-0.07         -0.0044 
-0.06         -0.00362 
-0.05         -0.00284 
-0.04         -0.0021 
-0.03         -0.00117 
-0.02         -0.000538 
-0.01          0.0000507 
-1.04083408558608E-17        0.000556 
 9.99999999999999E-03        0.001004 
 0.02          0.001407 
 0.03          0.00174 
 0.04          0.00208 
 0.05          0.0023 
 0.06          0.0025 
 0.07          0.00264 
 0.08          0.00274 
 0.09          0.0028 
 0.1           0.00284 
 0.11          0.00237 
 0.12          0.00235 
 0.13          0.00231 
 0.14          0.00229 
 0.15          0.00224 
 0.16          0.00216 
 0.17          0.0021 
 0.18          0.00204 
 0.19          0.00198 
 0.2           0.00187 
 0.21          0.00159 
 0.22          0.00141 
 0.23          0.00139 
 0.24          0.00136 
 0.25          0.00135 
 0.26          0.00134 
 0.27          0.00133 
 0.28          0.00132 
 0.29          0.00131 
 0.3           0.00131 
 0.31          0.0013 
 0.32          0.0013 
 0.33          0.0013 
 0.34          0.0013 
 0.35          0.00131 
 0.36          0.00131 
 0.37          0.00133 
 0.38          0.00134 
 0.39          0.00135 
 0.4           0.00138 
 0.41          0.0014 
 0.42          0.00142 
 0.43          0.00144 
 0.44          0.000829 
 0.45          0.000828 
 0.46          0.000828 
 0.47          0.000828 
 0.48          0.000828 
 0.49          0.000828 
 0.5           0.000828 
 0.51          0.000828 
 0.52          0.000827 
 0.53          0.000828 
 0.54          0.000828 
 0.55          0.000828 
 0.56          0.000828 
 0.57          0.00083 
 0.58          0.000832 
 0.59          0.000834 
 0.6           0.000837 
 0.61          0.000842 
 0.62          0.000847 
 0.63          0.000855 
 0.64          0.000866 
 0.65          0.000876 
 0.66          0.00089 
 0.67          0.000906 
 0.68          0.000924 
 0.69          0.000945 
 0.7           0.000967 
 0.71          0.001003 
 0.72          0.001034 
 0.73          0.00107 
 0.74          0.001107 
 0.75          0.001148 
 0.76          0.001189 
 0.77          0.001257 
 0.78          0.001319 
 0.79          0.001378 
 0.8           0.001446 
 0.810000000000001           0.00151 
 0.820000000000001           0.00159 
 0.830000000000001           0.00169 
 0.840000000000001           0.00181 
 0.850000000000001           0.00191 
 0.860000000000001           0.002 
 0.870000000000001           0.00212 
 0.880000000000001           0.00225 
 0.890000000000001           0.00238 
 0.900000000000001           0.00254 
 0.910000000000001           0.00275 
 0.920000000000001           0.00292 
 0.930000000000001           0.0031 
 0.940000000000001           0.0033 
 0.950000000000001           0.00351 
 0.960000000000001           0.00371 
 0.970000000000001           0.00405 
 0.980000000000001           0.00433 
 0.990000000000001           0.0046 
 1             0.00491 
 1.01          0.00526 
 1.02          0.00561 
 1.03          0.00598 
 1.04          0.00656 
 1.05          0.00703 
 1.06          0.00748 
 1.07          0.00802 
 1.08          0.00856 
 1.09          0.00921 
 1.1           0.0099 
