U[V]          I[A]
-4.2          -0.01194 
-4.19         -0.01167 
-4.18         -0.01142 
-4.17         -0.01117 
-4.16         -0.01084 
-4.15         -0.01059 
-4.14         -0.01036 
-4.13         -0.01013 
-4.12         -0.00993 
-4.11         -0.00972 
-4.1          -0.00943 
-4.09         -0.0092 
-4.08         -0.009 
-4.07         -0.00883 
-4.06         -0.00861 
-4.05         -0.00844 
-4.04         -0.00824 
-4.03         -0.00801 
-4.02         -0.00785 
-4.01         -0.00767 
-4            -0.0075 
-3.99         -0.00733 
-3.98         -0.00717 
-3.97000000000001           -0.00701 
-3.96000000000001           -0.00681 
-3.95000000000001           -0.00666 
-3.94000000000001           -0.0065 
-3.93000000000001           -0.00636 
-3.92000000000001           -0.00623 
-3.91000000000001           -0.0061 
-3.90000000000001           -0.00592 
-3.89000000000001           -0.00579 
-3.88000000000001           -0.00567 
-3.87000000000001           -0.00554 
-3.86000000000001           -0.00542 
-3.85000000000001           -0.0053 
-3.84000000000001           -0.00518 
-3.83000000000001           -0.00503 
-3.82000000000001           -0.00493 
-3.81000000000001           -0.00482 
-3.80000000000001           -0.00472 
-3.79000000000001           -0.00461 
-3.78000000000001           -0.00452 
-3.77000000000001           -0.00442 
-3.76000000000001           -0.00429 
-3.75000000000001           -0.0042 
-3.74000000000001           -0.0041 
-3.73000000000001           -0.00401 
-3.72000000000001           -0.00392 
-3.71000000000001           -0.00385 
-3.70000000000001           -0.00373 
-3.69000000000001           -0.00364 
-3.68000000000001           -0.00356 
-3.67000000000001           -0.00348 
-3.66000000000001           -0.00341 
-3.65000000000001           -0.00334 
-3.64000000000001           -0.00326 
-3.63000000000001           -0.00317 
-3.62000000000001           -0.0031 
-3.61000000000001           -0.00303 
-3.60000000000001           -0.00296 
-3.59000000000001           -0.00289 
-3.58000000000001           -0.00283 
-3.57000000000001           -0.00276 
-3.56000000000001           -0.00268 
-3.55000000000001           -0.00262 
-3.54000000000001           -0.00255 
-3.53000000000001           -0.0025 
-3.52000000000001           -0.00244 
-3.51000000000001           -0.00239 
-3.50000000000002           -0.00232 
-3.49000000000002           -0.00226 
-3.48000000000002           -0.00221 
-3.47000000000002           -0.00217 
-3.46000000000002           -0.00211 
-3.45000000000002           -0.00206 
-3.44000000000002           -0.00202 
-3.43000000000002           -0.00196 
-3.42000000000002           -0.00191 
-3.41000000000002           -0.00187 
-3.40000000000002           -0.00183 
-3.39000000000002           -0.00178 
-3.38000000000002           -0.00174 
-3.37000000000002           -0.0017 
-3.36000000000002           -0.00165 
-3.35000000000002           -0.00161 
-3.34000000000002           -0.00158 
-3.33000000000002           -0.00154 
-3.32000000000002           -0.00151 
-3.31000000000002           -0.00147 
-3.30000000000002           -0.00143 
-3.29000000000002           -0.00139 
-3.28000000000002           -0.00136 
-3.27000000000002           -0.00133 
-3.26000000000002           -0.00129 
-3.25000000000002           -0.00126 
-3.24000000000002           -0.00123 
-3.23000000000002           -0.00118 
-3.22000000000002           -0.00115 
-3.21000000000002           -0.00113 
-3.20000000000002           -0.0011 
-3.19000000000002           -0.00108 
-3.18000000000002           -0.00105 
-3.17000000000002           -0.00102 
-3.16000000000002           -0.00098 
-3.15000000000002           -0.000956 
-3.14000000000002           -0.000932 
-3.13000000000002           -0.000907 
-3.12000000000002           -0.000883 
-3.11000000000002           -0.000861 
-3.10000000000002           -0.000835 
-3.09000000000002           -0.000814 
-3.08000000000002           -0.000792 
-3.07000000000002           -0.000771 
-3.06000000000002           -0.000753 
-3.05000000000002           -0.000733 
-3.04000000000002           -0.000715 
-3.03000000000003           -0.000689 
-3.02000000000003           -0.000672 
-3.01000000000003           -0.000655 
-3.00000000000003           -0.00064 
-2.99000000000003           -0.000623 
-2.98000000000003           -0.000607 
-2.97000000000003           -0.00059 
-2.96000000000003           -0.000571 
-2.95000000000003           -0.000556 
-2.94000000000003           -0.000542 
-2.93000000000003           -0.000527 
-2.92000000000003           -0.000514 
-2.91000000000003           -0.0005 
-2.90000000000003           -0.000484 
-2.89000000000003           -0.000471 
-2.88000000000003           -0.000458 
-2.87000000000003           -0.000446 
-2.86000000000003           -0.000434 
-2.85000000000003           -0.000423 
-2.84000000000003           -0.000411 
-2.83000000000003           -0.000395 
-2.82000000000003           -0.000385 
-2.81000000000003           -0.000374 
-2.80000000000003           -0.000364 
-2.79000000000003           -0.000354 
-2.78000000000003           -0.000345 
-2.77000000000003           -0.000335 
-2.76000000000003           -0.000323 
-2.75000000000003           -0.000315 
-2.74000000000003           -0.000305 
-2.73000000000003           -0.000297 
-2.72000000000003           -0.000288 
-2.71000000000003           -0.000279 
-2.70000000000003           -0.00027 
-2.69000000000003           -0.000262 
-2.68000000000003           -0.000255 
-2.67000000000003           -0.000247 
-2.66000000000003           -0.00024 
-2.65000000000003           -0.000233 
-2.64000000000003           -0.000226 
-2.63000000000003           -0.000218 
-2.62000000000003           -0.000211 
-2.61000000000003           -0.000205 
-2.60000000000003           -0.0002 
-2.59000000000003           -0.000194 
-2.58000000000003           -0.000188 
-2.57000000000003           -0.000183 
-2.56000000000004           -0.000175 
-2.55000000000004           -0.00017 
-2.54000000000004           -0.000165 
-2.53000000000004           -0.00016 
-2.52000000000004           -0.000155 
-2.51000000000004           -0.00015 
-2.50000000000004           -0.000145 
-2.49000000000004           -0.00014 
-2.48000000000004           -0.000136 
-2.47000000000004           -0.000132 
-2.46000000000004           -0.000128 
-2.45000000000004           -0.000124 
-2.44000000000004           -0.00012 
-2.43000000000004           -0.000114 
-2.42000000000004           -0.000111 
-2.41000000000004           -0.000107 
-2.40000000000004           -0.000104 
-2.39000000000004           -0.000101 
-2.38000000000004           -0.0000979 
-2.37000000000004           -0.0000946 
-2.36000000000004           -0.0000907 
-2.35000000000004           -0.0000876 
-2.34000000000004           -0.000085 
-2.33000000000004           -0.0000822 
-2.32000000000004           -0.0000795 
-2.31000000000004           -0.0000767 
-2.30000000000004           -0.0000735 
-2.29000000000004           -0.0000712 
-2.28000000000004           -0.0000689 
-2.27000000000004           -0.0000665 
-2.26000000000004           -0.0000643 
-2.25000000000004           -0.0000621 
-2.24000000000004           -0.0000601 
-2.23000000000004           -0.0000575 
-2.22000000000004           -0.0000555 
-2.21000000000004           -0.0000537 
-2.20000000000004           -0.0000518 
-2.19000000000004           -0.0000502 
-2.18000000000004           -0.0000485 
-2.17000000000004           -0.0000468 
-2.16000000000004           -0.0000447 
-2.15000000000004           -0.0000432 
-2.14000000000004           -0.0000416 
-2.13000000000004           -0.0000402 
-2.12000000000004           -0.0000389 
-2.11000000000004           -0.0000374 
-2.10000000000004           -0.0000355 
-2.09000000000005           -0.0000344 
-2.08000000000005           -0.0000332 
-2.07000000000005           -0.000032 
-2.06000000000005           -0.0000309 
-2.05000000000005           -0.0000297 
-2.04000000000005           -0.0000286 
-2.03000000000005           -0.0000273 
-2.02000000000005           -0.0000263 
-2.01000000000005           -0.0000253 
-2.00000000000005           -0.0000244 
-1.99000000000005           -0.0000236 
-1.98000000000005           -0.0000228 
-1.97000000000005           -0.0000219 
-1.96000000000005           -0.0000208 
-1.95000000000005           -0.0000201 
-1.94000000000005           -0.0000194 
-1.93000000000005           -0.0000187 
-1.92000000000005           -0.0000179 
-1.91000000000005           -0.0000173 
-1.90000000000005           -0.0000164 
-1.89000000000005           -0.0000159 
-1.88000000000005           -0.0000153 
-1.87000000000005           -0.0000147 
-1.86000000000005           -0.0000141 
-1.85000000000005           -0.0000136 
-1.84000000000005           -0.0000131 
-1.83000000000005           -0.0000124 
-1.82000000000005           -0.000012 
-1.81000000000005           -0.0000114 
-1.80000000000005           -0.000011 
-1.79000000000005           -0.0000105 
-1.78000000000005           -0.0000102 
-1.77000000000005           -0.00000982 
-1.76000000000005           -0.00000926 
-1.75000000000005           -0.00000889 
-1.74000000000005           -0.00000854 
-1.73000000000005           -0.0000082 
-1.72000000000005           -0.00000789 
-1.71000000000005           -0.00000754 
-1.70000000000005           -0.00000715 
-1.69000000000005           -0.00000688 
-1.68000000000005           -0.00000663 
-1.67000000000005           -0.00000636 
-1.66000000000005           -0.00000608 
-1.65000000000005           -0.00000584 
-1.64000000000005           -0.00000561 
-1.63000000000005           -0.00000533 
-1.62000000000005           -0.00000511 
-1.61000000000005           -0.00000489 
-1.60000000000005           -0.00000469 
-1.59000000000005           -0.0000045 
-1.58000000000005           -0.00000434 
-1.57000000000005           -0.00000417 
-1.56000000000005           -0.00000394 
-1.55000000000005           -0.00000378 
-1.54000000000005           -0.00000362 
-1.53000000000005           -0.00000346 
-1.52000000000005           -0.00000332 
-1.51000000000005           -0.00000319 
-1.50000000000005           -0.00000301 
-1.49000000000005           -0.00000289 
-1.48000000000005           -0.00000278 
-1.47000000000005           -0.00000267 
-1.46000000000005           -0.00000257 
-1.45000000000005           -0.00000246 
-1.44000000000005           -0.00000235 
-1.43000000000005           -0.00000223 
-1.42000000000005           -0.00000213 
-1.41000000000005           -0.00000205 
-1.40000000000005           -0.00000197 
-1.39000000000005           -0.00000189 
-1.38000000000005           -0.00000182 
-1.37000000000005           -0.00000175 
-1.36000000000005           -0.00000166 
-1.35000000000005           -0.00000159 
-1.34000000000005           -0.00000153 
-1.33000000000005           -0.00000147 
-1.32000000000005           -0.00000141 
-1.31000000000005           -0.00000136 
-1.30000000000005           -0.00000128 
-1.29000000000005           -0.00000123 
-1.28000000000005           -0.00000119 
-1.27000000000005           -0.00000113 
-1.26000000000005           -0.00000109 
-1.25000000000005           -0.00000105 
-1.24000000000005           -0.00000101 
-1.23000000000005           -0.00000096 
-1.22000000000005           -0.00000092 
-1.21000000000005           -0.00000089 
-1.20000000000005           -0.00000086 
-1.19000000000005           -0.00000083 
-1.18000000000005           -0.00000079 
-1.17000000000005           -0.00000077 
-1.16000000000005           -0.00000073 
-1.15000000000005           -0.00000071 
-1.14000000000005           -0.00000068 
-1.13000000000005           -0.00000066 
-1.12000000000005           -0.00000063 
-1.11000000000005           -0.00000062 
-1.10000000000005           -0.00000059 
-1.09000000000005           -0.00000057 
-1.08000000000005           -0.00000056 
-1.07000000000005           -0.00000054 
-1.06000000000005           -0.00000052 
-1.05000000000005           -0.00000051 
-1.04000000000005           -0.00000049 
-1.03000000000005           -0.00000047 
-1.02000000000005           -0.00000045 
-1.01000000000005           -0.00000044 
-1.00000000000005           -0.00000043 
-0.990000000000046          -0.00000041 
-0.980000000000046          -0.0000004 
-0.970000000000046          -0.00000039 
-0.960000000000046          -0.00000037 
-0.950000000000046          -0.00000036 
-0.940000000000046          -0.00000035 
-0.930000000000046          -0.00000034 
-0.920000000000046          -0.00000033 
-0.910000000000046          -0.00000033 
-0.900000000000046          -0.00000031 
-0.890000000000046          -0.00000031 
-0.880000000000046          -0.0000003 
-0.870000000000046          -0.00000029 
-0.860000000000046          -0.00000028 
-0.850000000000046          -0.00000028 
-0.840000000000046          -0.00000027 
-0.830000000000046          -0.00000026 
-0.820000000000046          -0.00000025 
-0.810000000000046          -0.00000024 
-0.800000000000046          -0.00000024 
-0.790000000000046          -0.00000023 
-0.780000000000046          -0.00000023 
-0.770000000000046          -0.00000022 
-0.760000000000046          -0.00000021 
-0.750000000000046          -0.00000021 
-0.740000000000046          -0.0000002 
-0.730000000000046          -0.0000002 
-0.720000000000046          -0.00000019 
-0.710000000000046          -0.00000019 
-0.700000000000046          -0.00000018 
-0.690000000000046          -0.00000017 
-0.680000000000046          -0.00000017 
-0.670000000000046          -0.00000017 
-0.660000000000046          -0.00000016 
-0.650000000000046          -0.00000016 
-0.640000000000046          -0.00000015 
-0.630000000000046          -0.00000015 
-0.620000000000046          -0.00000015 
-0.610000000000046          -0.00000014 
-0.600000000000046          -0.00000013 
-0.590000000000046          -0.00000013 
-0.580000000000046          -0.00000013 
-0.570000000000046          -0.00000012 
-0.560000000000046          -0.00000012 
-0.550000000000046          -0.00000011 
-0.540000000000046          -0.00000011 
-0.530000000000046          -0.00000011 
-0.520000000000046          -0.0000001 
-0.510000000000046          -0.0000001 
-0.500000000000046          -0.0000001 
-0.490000000000046          -0.00000009 
-0.480000000000046          -0.00000009 
-0.470000000000046          -0.00000009 
-0.460000000000046          -0.00000008 
-0.450000000000046          -0.00000008 
-0.440000000000046          -0.00000008 
-0.430000000000046          -0.00000007 
-0.420000000000046          -0.00000007 
-0.410000000000046          -0.00000007 
-0.400000000000046          -0.00000007 
-0.390000000000046          -0.00000007 
-0.380000000000046          -0.00000006 
-0.370000000000046          -0.00000006 
-0.360000000000046          -0.00000006 
-0.350000000000046          -0.00000006 
-0.340000000000046          -0.00000005 
-0.330000000000046          -0.00000005 
-0.320000000000046          -0.00000005 
-0.310000000000046          -0.00000005 
-0.300000000000046          -0.00000005 
-0.290000000000046          -0.00000004 
-0.280000000000046          -0.00000004 
-0.270000000000046          -0.00000004 
-0.260000000000046          -0.00000004 
-0.250000000000046          -0.00000004 
-0.240000000000046          -0.00000004 
-0.230000000000046          -0.00000003 
-0.220000000000045          -0.00000003 
-0.210000000000045          -0.00000003 
-0.200000000000045          -0.00000003 
-0.190000000000045          -0.00000003 
-0.180000000000045          -0.00000003 
-0.170000000000045          -0.00000003 
-0.160000000000045          -0.00000003 
-0.150000000000045          -0.00000003 
-0.140000000000045          -0.00000002 
-0.130000000000045          -0.00000002 
-0.120000000000045          -0.00000002 
-0.110000000000045          -0.00000002 
-0.100000000000045          -0.00000002 
-9.00000000000454E-02       -0.00000002 
-8.00000000000454E-02       -0.00000002 
-7.00000000000454E-02       -0.00000002 
-6.00000000000454E-02       -0.00000002 
-5.00000000000454E-02       -0.00000001 
-4.00000000000454E-02       -0.00000001 
-3.00000000000454E-02       -0.00000001 
-2.00000000000454E-02       -0.00000001 
-1.00000000000454E-02       -0.00000001 
-4.54324078358326E-14       -0.00000001 
 9.99999999995457E-03        0 
 1.99999999999546E-02        0 
 2.99999999999546E-02        0 
 3.99999999999546E-02        0.00000001 
 4.99999999999546E-02        0.00000001 
 5.99999999999546E-02        0.00000002 
 6.99999999999546E-02        0.00000002 
 7.99999999999546E-02        0.00000003 
 8.99999999999546E-02        0.00000004 
 9.99999999999546E-02        0.00000005 
 0.109999999999955           0.00000007 
 0.119999999999955           0.0000001 
 0.129999999999955           0.00000012 
 0.139999999999955           0.00000015 
 0.149999999999955           0.00000018 
 0.159999999999955           0.00000021 
 0.169999999999955           0.00000028 
 0.179999999999955           0.00000035 
 0.189999999999955           0.00000042 
 0.199999999999955           0.0000005 
 0.209999999999955           0.0000006 
 0.219999999999955           0.00000073 
 0.229999999999955           0.00000089 
 0.239999999999955           0.00000114 
 0.249999999999955           0.00000133 
 0.259999999999955           0.00000161 
 0.269999999999955           0.00000195 
 0.279999999999955           0.0000023 
 0.289999999999955           0.00000278 
 0.299999999999955           0.00000331 
 0.309999999999955           0.00000421 
 0.319999999999955           0.00000504 
 0.329999999999955           0.000006 
 0.339999999999955           0.00000711 
 0.349999999999955           0.00000828 
 0.359999999999955           0.00000981 
 0.369999999999955           0.00001245 
 0.379999999999955           0.00001468 
 0.389999999999955           0.0000173 
 0.399999999999955           0.0000206 
 0.409999999999955           0.0000241 
 0.419999999999955           0.0000284 
 0.429999999999955           0.0000337 
 0.439999999999955           0.0000421 
 0.449999999999955           0.0000483 
 0.459999999999955           0.0000564 
 0.469999999999955           0.0000661 
 0.479999999999955           0.0000776 
 0.489999999999955           0.0000912 
 0.499999999999955           0.0001062 
 0.509999999999955           0.0001307 
 0.519999999999955           0.000151 
 0.529999999999955           0.000178 
 0.539999999999955           0.000207 
 0.549999999999955           0.000239 
 0.559999999999955           0.000279 
 0.569999999999955           0.000341 
 0.579999999999955           0.000404 
 0.589999999999955           0.000475 
 0.599999999999955           0.000551 
 0.609999999999955           0.000644 
 0.619999999999955           0.000762 
 0.629999999999955           0.000904 
 0.639999999999955           0.001125 
 0.649999999999955           0.001313 
 0.659999999999955           0.00156 
 0.669999999999955           0.00188 
 0.679999999999955           0.00226 
 0.689999999999955           0.00272 
 0.699999999999955           0.00327 
 0.709999999999955           0.00425 
 0.719999999999955           0.00514 
 0.729999999999955           0.0062 
 0.739999999999955           0.00743 
 0.749999999999955           0.00894 
