t[s]          U[mV]
 1547          4149 
 1548          4143 
 1549          4140 
 1550          4137 
 1551          4137 
 1552          4131 
 1553          4131 
 1554          4131 
 1555          4128 
 1556          4125 
 1557          4125 
 1558          4125 
 1559          4122 
 1560          4122 
 1561          4122 
 1562          4119 
 1563          4119 
 1564          4119 
 1565          4119 
 1566          4116 
 1567          4116 
 1568          4116 
 1569          4116 
 1570          4116 
 1571          4113 
 1572          4113 
 1573          4113 
 1574          4113 
 1575          4113 
 1576          4110 
 1577          4110 
 1578          4113 
 1579          4110 
 1580          4110 
 1581          4110 
 1582          4110 
 1583          4110 
 1584          4110 
 1585          4110 
 1586          4110 
 1587          4110 
 1588          4110 
 1589          4110 
 1590          4107 
 1591          4107 
 1592          4110 
 1593          4110 
 1594          4107 
 1595          4107 
 1596          4107 
 1597          4107 
 1598          4107 
 1599          4107 
 1600          4107 
 1601          4107 
 1602          4107 
 1603          4107 
 1604          4107 
 1605          4107 
 1606          4107 
 1607          4107 
