t[s]          U[mV]
 1608          4056 
 1609          4050 
 1610          4047 
 1611          4044 
 1612          4041 
 1613          4038 
 1614          4038 
 1615          4035 
 1616          4032 
 1617          4032 
 1618          4032 
 1619          4029 
 1620          4029 
 1621          4026 
 1622          4026 
 1623          4026 
 1624          4023 
 1625          4023 
 1626          4023 
 1627          4023 
 1628          4020 
 1629          4020 
 1630          4020 
 1631          4020 
 1632          4017 
 1633          4017 
 1634          4017 
 1635          4017 
 1636          4014 
 1637          4014 
 1638          4014 
 1639          4014 
 1640          4014 
 1641          4011 
 1642          4011 
 1643          4011 
 1644          4011 
 1645          4008 
 1646          4008 
 1647          4008 
 1648          4008 
 1649          4008 
 1650          4005 
 1651          4005 
 1652          4005 
 1653          4005 
 1654          4005 
 1655          4005 
 1656          4002 
 1657          4002 
 1658          4002 
 1659          4002 
 1660          4002 
 1661          4002 
 1662          3999 
 1663          3999 
 1664          3999 
 1665          3999 
 1666          3999 
 1667          3999 
 1668          3996 
 1669          3996 
 1670          3996 
 1671          3996 
 1672          3996 
 1673          3993 
 1674          3993 
 1675          3993 
 1676          3993 
 1677          3993 
 1678          3993 
 1679          3990 
 1680          3990 
 1681          3990 
 1682          3990 
 1683          3990 
 1684          3987 
 1685          3987 
 1686          3987 
 1687          3987 
 1688          3987 
 1689          3984 
 1690          3984 
 1691          3984 
 1692          3984 
 1693          3984 
 1694          3981 
 1695          3981 
 1696          3981 
 1697          3981 
 1698          3978 
 1699          3978 
 1700          3978 
 1701          3978 
 1702          3975 
 1703          3975 
 1704          3975 
 1705          3975 
 1706          3975 
 1707          3972 
 1708          3972 
 1709          3972 
 1710          3972 
 1711          3972 
 1712          3969 
 1713          3969 
 1714          3969 
 1715          3969 
 1716          3969 
 1717          3966 
 1718          3966 
 1719          3966 
 1720          3966 
 1721          3966 
 1722          3963 
 1723          3963 
 1724          3963 
 1725          3963 
 1726          3960 
 1727          3960 
 1728          3960 
 1729          3960 
 1730          3957 
 1731          3957 
 1732          3957 
 1733          3957 
 1734          3957 
 1735          3957 
 1736          3954 
 1737          3954 
 1738          3954 
 1739          3951 
 1740          3951 
 1741          3954 
 1742          3951 
 1743          3951 
 1744          3951 
 1745          3951 
 1746          3948 
 1747          3948 
 1748          3948 
 1749          3948 
 1750          3945 
 1751          3945 
 1752          3945 
 1753          3945 
 1754          3945 
 1755          3945 
 1756          3942 
 1757          3942 
 1758          3942 
 1759          3942 
 1760          3942 
 1761          3942 
 1762          3939 
 1763          3939 
 1764          3939 
 1765          3939 
 1766          3939 
 1767          3939 
 1768          3936 
 1769          3936 
 1770          3936 
 1771          3936 
 1772          3936 
 1773          3936 
 1774          3933 
 1775          3933 
 1776          3933 
 1777          3933 
 1778          3933 
 1779          3933 
 1780          3933 
 1781          3930 
 1782          3930 
 1783          3930 
 1784          3930 
 1785          3930 
 1786          3930 
 1787          3930 
 1788          3927 
 1789          3927 
 1790          3927 
 1791          3927 
 1792          3927 
 1793          3927 
 1794          3924 
 1795          3924 
 1796          3924 
 1797          3924 
 1798          3924 
 1799          3924 
 1800          3921 
 1801          3921 
 1802          3921 
 1803          3921 
 1804          3921 
 1805          3921 
 1806          3921 
 1807          3921 
 1808          3921 
 1809          3918 
 1810          3918 
 1811          3918 
 1812          3918 
 1813          3918 
 1814          3918 
 1815          3915 
 1816          3915 
 1817          3915 
 1818          3915 
 1819          3915 
 1820          3915 
 1821          3915 
 1822          3915 
 1823          3912 
 1824          3912 
 1825          3912 
 1826          3912 
 1827          3912 
 1828          3912 
 1829          3912 
 1830          3912 
 1831          3912 
 1832          3909 
 1833          3909 
 1834          3909 
 1835          3909 
 1836          3909 
 1837          3909 
 1838          3909 
 1839          3906 
 1840          3906 
 1841          3906 
 1842          3906 
 1843          3906 
 1844          3906 
 1845          3906 
 1846          3906 
 1847          3906 
 1848          3903 
 1849          3903 
 1850          3903 
 1851          3903 
 1852          3903 
 1853          3903 
 1854          3903 
 1855          3903 
 1856          3900 
 1857          3900 
 1858          3900 
 1859          3900 
 1860          3900 
 1861          3900 
 1862          3897 
 1863          3900 
 1864          3897 
 1865          3897 
 1866          3897 
 1867          3897 
 1868          3897 
 1869          3897 
 1870          3897 
 1871          3897 
 1872          3894 
 1873          3894 
 1874          3894 
 1875          3894 
 1876          3894 
 1877          3894 
 1878          3894 
 1879          3894 
 1880          3891 
 1881          3891 
 1882          3891 
 1883          3891 
 1884          3891 
 1885          3891 
 1886          3891 
 1887          3891 
 1888          3888 
 1889          3888 
 1890          3888 
 1891          3888 
 1892          3888 
 1893          3888 
 1894          3888 
 1895          3888 
 1896          3885 
 1897          3885 
 1898          3885 
 1899          3885 
 1900          3885 
 1901          3885 
 1902          3885 
 1903          3885 
 1904          3882 
 1905          3882 
 1906          3882 
 1907          3882 
 1908          3882 
 1909          3882 
 1910          3879 
 1911          3879 
 1912          3879 
 1913          3879 
 1914          3879 
 1915          3879 
 1916          3879 
 1917          3876 
 1918          3876 
 1919          3876 
 1920          3876 
 1921          3876 
 1922          3876 
 1923          3876 
 1924          3876 
 1925          3873 
 1926          3873 
 1927          3873 
 1928          3873 
 1929          3873 
 1930          3873 
 1931          3873 
 1932          3870 
 1933          3870 
 1934          3870 
 1935          3870 
 1936          3870 
 1937          3870 
 1938          3867 
 1939          3870 
 1940          3867 
 1941          3867 
 1942          3867 
 1943          3867 
 1944          3867 
 1945          3867 
 1946          3864 
 1947          3864 
 1948          3864 
 1949          3864 
 1950          3864 
 1951          3864 
 1952          3864 
 1953          3864 
 1954          3861 
 1955          3861 
 1956          3861 
 1957          3861 
 1958          3861 
 1959          3861 
 1960          3861 
 1961          3858 
 1962          3858 
 1963          3858 
 1964          3858 
 1965          3858 
 1966          3858 
 1967          3858 
 1968          3855 
 1969          3855 
 1970          3855 
 1971          3855 
 1972          3855 
 1973          3855 
 1974          3855 
 1975          3852 
 1976          3852 
 1977          3852 
 1978          3852 
 1979          3852 
 1980          3852 
 1981          3852 
 1982          3849 
 1983          3849 
 1984          3849 
 1985          3849 
 1986          3849 
 1987          3849 
 1988          3846 
 1989          3849 
 1990          3846 
 1991          3846 
 1992          3846 
 1993          3846 
 1994          3846 
 1995          3846 
 1996          3843 
 1997          3843 
 1998          3843 
 1999          3843 
 2000          3843 
 2001          3843 
 2002          3843 
 2003          3843 
 2004          3840 
 2005          3840 
 2006          3840 
 2007          3840 
 2008          3840 
 2009          3840 
 2010          3840 
 2011          3837 
 2012          3837 
 2013          3837 
 2014          3837 
 2015          3837 
 2016          3837 
 2017          3837 
 2018          3834 
 2019          3834 
 2020          3834 
 2021          3834 
 2022          3834 
 2023          3834 
 2024          3831 
 2025          3834 
 2026          3831 
 2027          3831 
 2028          3831 
 2029          3831 
 2030          3831 
 2031          3831 
 2032          3831 
 2033          3828 
 2034          3828 
 2035          3828 
 2036          3828 
 2037          3828 
 2038          3828 
 2039          3828 
 2040          3828 
 2041          3828 
 2042          3825 
 2043          3825 
 2044          3825 
 2045          3825 
 2046          3825 
 2047          3825 
 2048          3822 
 2049          3825 
 2050          3822 
 2051          3822 
 2052          3822 
 2053          3822 
 2054          3822 
 2055          3822 
 2056          3822 
 2057          3819 
 2058          3819 
 2059          3819 
 2060          3819 
 2061          3819 
 2062          3819 
 2063          3819 
 2064          3816 
 2065          3816 
 2066          3816 
 2067          3816 
 2068          3816 
 2069          3816 
 2070          3816 
 2071          3816 
 2072          3816 
 2073          3813 
 2074          3813 
 2075          3813 
 2076          3813 
 2077          3813 
 2078          3813 
 2079          3813 
 2080          3810 
 2081          3810 
 2082          3810 
 2083          3810 
 2084          3810 
 2085          3810 
 2086          3810 
 2087          3810 
 2088          3810 
 2089          3807 
 2090          3807 
 2091          3807 
 2092          3807 
 2093          3807 
 2094          3807 
 2095          3807 
 2096          3807 
 2097          3807 
 2098          3807 
 2099          3804 
 2100          3804 
 2101          3804 
 2102          3804 
 2103          3804 
 2104          3804 
 2105          3804 
 2106          3804 
 2107          3801 
 2108          3801 
 2109          3801 
 2110          3801 
 2111          3801 
 2112          3801 
 2113          3801 
 2114          3801 
 2115          3801 
 2116          3798 
 2117          3798 
 2118          3798 
 2119          3798 
 2120          3798 
 2121          3798 
 2122          3798 
 2123          3795 
 2124          3795 
 2125          3795 
 2126          3795 
 2127          3795 
 2128          3795 
 2129          3795 
 2130          3795 
 2131          3795 
 2132          3795 
 2133          3792 
 2134          3792 
 2135          3792 
 2136          3792 
 2137          3792 
 2138          3792 
 2139          3792 
 2140          3792 
 2141          3789 
 2142          3792 
 2143          3789 
 2144          3789 
 2145          3789 
 2146          3789 
 2147          3789 
 2148          3789 
 2149          3789 
 2150          3789 
 2151          3786 
 2152          3786 
 2153          3786 
 2154          3786 
 2155          3786 
 2156          3786 
 2157          3786 
 2158          3783 
 2159          3786 
 2160          3783 
 2161          3783 
 2162          3783 
 2163          3783 
 2164          3783 
 2165          3783 
 2166          3783 
 2167          3783 
 2168          3780 
 2169          3780 
 2170          3780 
 2171          3780 
 2172          3780 
 2173          3780 
 2174          3780 
 2175          3780 
 2176          3780 
 2177          3777 
 2178          3780 
 2179          3777 
 2180          3777 
 2181          3777 
 2182          3777 
 2183          3777 
 2184          3777 
 2185          3777 
 2186          3774 
 2187          3774 
 2188          3774 
 2189          3774 
 2190          3774 
 2191          3774 
 2192          3774 
 2193          3774 
 2194          3774 
 2195          3774 
 2196          3771 
 2197          3771 
 2198          3771 
 2199          3771 
 2200          3771 
 2201          3771 
 2202          3771 
 2203          3771 
 2204          3768 
 2205          3771 
 2206          3771 
 2207          3768 
 2208          3768 
 2209          3768 
 2210          3768 
 2211          3768 
 2212          3768 
 2213          3768 
 2214          3765 
 2215          3768 
 2216          3768 
 2217          3765 
 2218          3765 
 2219          3765 
 2220          3765 
 2221          3765 
 2222          3765 
 2223          3765 
 2224          3765 
 2225          3765 
 2226          3762 
 2227          3762 
 2228          3762 
 2229          3762 
 2230          3762 
 2231          3762 
 2232          3762 
 2233          3762 
 2234          3762 
 2235          3762 
 2236          3762 
 2237          3762 
 2238          3762 
 2239          3759 
 2240          3759 
 2241          3759 
 2242          3759 
 2243          3759 
 2244          3759 
 2245          3759 
 2246          3759 
 2247          3759 
 2248          3759 
 2249          3759 
 2250          3759 
 2251          3756 
 2252          3756 
 2253          3756 
 2254          3756 
 2255          3756 
 2256          3756 
 2257          3756 
 2258          3756 
 2259          3756 
 2260          3756 
 2261          3756 
 2262          3753 
 2263          3753 
 2264          3753 
 2265          3753 
 2266          3753 
 2267          3753 
 2268          3753 
 2269          3753 
 2270          3753 
 2271          3753 
 2272          3750 
 2273          3753 
 2274          3753 
 2275          3750 
 2276          3750 
 2277          3750 
 2278          3750 
 2279          3750 
 2280          3750 
 2281          3750 
 2282          3750 
 2283          3750 
 2284          3750 
 2285          3750 
 2286          3750 
 2287          3750 
 2288          3747 
 2289          3747 
 2290          3747 
 2291          3747 
 2292          3747 
 2293          3747 
 2294          3747 
 2295          3747 
 2296          3747 
 2297          3744 
 2298          3744 
 2299          3744 
 2300          3744 
 2301          3744 
 2302          3744 
 2303          3744 
 2304          3744 
 2305          3744 
 2306          3744 
 2307          3744 
 2308          3741 
 2309          3744 
 2310          3744 
 2311          3741 
 2312          3741 
 2313          3741 
 2314          3741 
 2315          3741 
 2316          3741 
 2317          3741 
 2318          3741 
 2319          3741 
 2320          3741 
 2321          3741 
 2322          3741 
 2323          3741 
 2324          3741 
 2325          3738 
 2326          3738 
 2327          3738 
 2328          3738 
 2329          3738 
 2330          3738 
 2331          3738 
 2332          3738 
 2333          3738 
 2334          3738 
 2335          3738 
 2336          3738 
 2337          3735 
 2338          3735 
 2339          3735 
 2340          3735 
 2341          3735 
 2342          3735 
 2343          3735 
 2344          3735 
 2345          3735 
 2346          3735 
 2347          3735 
 2348          3735 
 2349          3735 
 2350          3735 
 2351          3732 
 2352          3732 
 2353          3732 
 2354          3732 
 2355          3732 
 2356          3732 
 2357          3732 
 2358          3732 
 2359          3732 
 2360          3732 
 2361          3732 
 2362          3729 
 2363          3732 
 2364          3732 
 2365          3732 
 2366          3729 
 2367          3729 
 2368          3729 
 2369          3729 
 2370          3729 
 2371          3729 
 2372          3729 
 2373          3729 
 2374          3729 
 2375          3729 
 2376          3729 
 2377          3726 
 2378          3726 
 2379          3726 
 2380          3726 
 2381          3726 
 2382          3726 
 2383          3726 
 2384          3726 
 2385          3726 
 2386          3726 
 2387          3726 
 2388          3726 
 2389          3726 
 2390          3723 
 2391          3723 
 2392          3723 
 2393          3723 
 2394          3726 
 2395          3723 
 2396          3723 
 2397          3723 
 2398          3723 
 2399          3723 
 2400          3723 
 2401          3723 
 2402          3723 
 2403          3723 
 2404          3723 
 2405          3720 
 2406          3720 
 2407          3720 
 2408          3720 
 2409          3720 
 2410          3720 
 2411          3720 
 2412          3720 
 2413          3720 
 2414          3720 
 2415          3720 
 2416          3720 
 2417          3717 
 2418          3720 
 2419          3720 
 2420          3717 
 2421          3717 
 2422          3717 
 2423          3717 
 2424          3717 
 2425          3717 
 2426          3717 
 2427          3717 
 2428          3717 
 2429          3717 
 2430          3717 
 2431          3717 
 2432          3717 
 2433          3714 
 2434          3714 
 2435          3717 
 2436          3717 
 2437          3714 
 2438          3714 
 2439          3714 
 2440          3714 
 2441          3714 
 2442          3714 
 2443          3714 
 2444          3714 
 2445          3714 
 2446          3714 
 2447          3714 
 2448          3714 
 2449          3714 
 2450          3711 
 2451          3711 
 2452          3711 
 2453          3711 
 2454          3711 
 2455          3711 
 2456          3711 
 2457          3711 
 2458          3711 
 2459          3711 
 2460          3711 
 2461          3711 
 2462          3708 
 2463          3711 
 2464          3711 
 2465          3708 
 2466          3708 
 2467          3708 
 2468          3708 
 2469          3708 
 2470          3708 
 2471          3708 
 2472          3708 
 2473          3708 
 2474          3708 
 2475          3708 
 2476          3708 
 2477          3708 
 2478          3708 
 2479          3705 
 2480          3705 
 2481          3705 
 2482          3705 
 2483          3705 
 2484          3705 
 2485          3705 
 2486          3705 
 2487          3705 
 2488          3705 
 2489          3705 
 2490          3705 
 2491          3705 
 2492          3705 
 2493          3705 
 2494          3705 
 2495          3705 
 2496          3702 
 2497          3702 
 2498          3702 
 2499          3702 
 2500          3702 
 2501          3702 
 2502          3702 
 2503          3702 
 2504          3702 
 2505          3702 
 2506          3702 
 2507          3702 
 2508          3702 
 2509          3702 
 2510          3699 
 2511          3702 
 2512          3699 
 2513          3699 
 2514          3699 
 2515          3699 
 2516          3699 
 2517          3699 
 2518          3699 
 2519          3699 
 2520          3699 
 2521          3699 
 2522          3699 
 2523          3699 
 2524          3699 
 2525          3699 
 2526          3699 
 2527          3696 
 2528          3696 
 2529          3696 
 2530          3696 
 2531          3696 
 2532          3696 
 2533          3696 
 2534          3696 
 2535          3696 
 2536          3696 
 2537          3696 
 2538          3696 
 2539          3696 
 2540          3696 
 2541          3696 
 2542          3696 
 2543          3693 
 2544          3693 
 2545          3693 
 2546          3693 
 2547          3693 
 2548          3693 
 2549          3693 
 2550          3693 
 2551          3693 
 2552          3693 
 2553          3693 
 2554          3693 
 2555          3693 
 2556          3693 
 2557          3693 
 2558          3690 
 2559          3690 
 2560          3690 
 2561          3690 
 2562          3690 
 2563          3690 
 2564          3690 
 2565          3690 
 2566          3690 
 2567          3690 
 2568          3690 
 2569          3690 
 2570          3690 
 2571          3690 
 2572          3690 
 2573          3690 
 2574          3687 
 2575          3687 
 2576          3687 
 2577          3687 
 2578          3687 
 2579          3687 
 2580          3687 
 2581          3687 
 2582          3687 
 2583          3687 
 2584          3687 
 2585          3687 
 2586          3687 
 2587          3687 
 2588          3684 
 2589          3684 
 2590          3684 
 2591          3684 
 2592          3684 
 2593          3684 
 2594          3684 
 2595          3684 
 2596          3684 
 2597          3684 
 2598          3684 
 2599          3684 
 2600          3684 
 2601          3684 
 2602          3684 
 2603          3681 
 2604          3681 
 2605          3681 
 2606          3681 
 2607          3681 
 2608          3681 
 2609          3681 
 2610          3681 
 2611          3681 
 2612          3681 
 2613          3681 
 2614          3681 
 2615          3681 
 2616          3681 
 2617          3681 
 2618          3681 
 2619          3678 
 2620          3678 
 2621          3681 
 2622          3678 
 2623          3678 
 2624          3678 
 2625          3678 
 2626          3678 
 2627          3678 
 2628          3678 
 2629          3678 
 2630          3678 
 2631          3678 
 2632          3678 
 2633          3678 
 2634          3678 
 2635          3678 
 2636          3678 
 2637          3675 
 2638          3675 
 2639          3675 
 2640          3675 
 2641          3675 
 2642          3675 
 2643          3675 
 2644          3675 
 2645          3675 
 2646          3675 
 2647          3675 
 2648          3675 
 2649          3675 
 2650          3675 
 2651          3672 
 2652          3672 
 2653          3675 
 2654          3675 
 2655          3672 
 2656          3672 
 2657          3672 
 2658          3672 
 2659          3672 
 2660          3672 
 2661          3672 
 2662          3672 
 2663          3672 
 2664          3672 
 2665          3669 
 2666          3669 
 2667          3669 
 2668          3669 
 2669          3669 
 2670          3669 
 2671          3669 
 2672          3669 
 2673          3669 
 2674          3669 
 2675          3669 
 2676          3669 
 2677          3669 
 2678          3669 
 2679          3669 
 2680          3669 
 2681          3669 
 2682          3669 
 2683          3666 
 2684          3669 
 2685          3666 
 2686          3666 
 2687          3666 
 2688          3666 
 2689          3666 
 2690          3666 
 2691          3666 
 2692          3666 
 2693          3666 
 2694          3666 
 2695          3666 
 2696          3666 
 2697          3666 
 2698          3666 
 2699          3666 
 2700          3663 
 2701          3663 
 2702          3666 
 2703          3663 
 2704          3663 
 2705          3663 
 2706          3663 
 2707          3663 
 2708          3663 
 2709          3663 
 2710          3663 
 2711          3663 
 2712          3663 
 2713          3663 
 2714          3660 
 2715          3660 
 2716          3663 
 2717          3660 
 2718          3660 
 2719          3663 
 2720          3660 
 2721          3660 
 2722          3660 
 2723          3660 
 2724          3660 
 2725          3660 
 2726          3660 
 2727          3660 
 2728          3660 
 2729          3660 
 2730          3660 
 2731          3657 
 2732          3660 
 2733          3657 
 2734          3657 
 2735          3657 
 2736          3657 
 2737          3657 
 2738          3657 
 2739          3657 
 2740          3657 
 2741          3657 
 2742          3657 
 2743          3657 
 2744          3657 
 2745          3657 
 2746          3657 
 2747          3654 
 2748          3654 
 2749          3654 
 2750          3654 
 2751          3654 
 2752          3654 
 2753          3654 
 2754          3654 
 2755          3654 
 2756          3654 
 2757          3654 
 2758          3654 
 2759          3654 
 2760          3654 
 2761          3654 
 2762          3654 
 2763          3651 
 2764          3651 
 2765          3651 
 2766          3651 
 2767          3651 
 2768          3651 
 2769          3651 
 2770          3651 
 2771          3651 
 2772          3651 
 2773          3651 
 2774          3651 
 2775          3651 
 2776          3651 
 2777          3651 
 2778          3651 
 2779          3651 
 2780          3651 
 2781          3648 
 2782          3648 
 2783          3648 
 2784          3648 
 2785          3648 
 2786          3648 
 2787          3648 
 2788          3648 
 2789          3648 
 2790          3648 
 2791          3648 
 2792          3648 
 2793          3648 
 2794          3648 
 2795          3648 
 2796          3645 
 2797          3645 
 2798          3645 
 2799          3645 
 2800          3645 
 2801          3645 
 2802          3645 
 2803          3645 
 2804          3645 
 2805          3645 
 2806          3645 
 2807          3645 
 2808          3645 
 2809          3645 
 2810          3645 
 2811          3645 
 2812          3645 
 2813          3642 
 2814          3642 
 2815          3642 
 2816          3642 
 2817          3642 
 2818          3642 
 2819          3642 
 2820          3642 
 2821          3642 
 2822          3642 
 2823          3642 
 2824          3642 
 2825          3639 
 2826          3639 
 2827          3639 
 2828          3639 
 2829          3639 
 2830          3639 
 2831          3639 
 2832          3639 
 2833          3639 
 2834          3639 
 2835          3639 
 2836          3636 
 2837          3639 
 2838          3636 
 2839          3636 
 2840          3636 
 2841          3636 
 2842          3636 
 2843          3636 
 2844          3636 
 2845          3636 
 2846          3636 
 2847          3636 
 2848          3636 
 2849          3636 
 2850          3636 
 2851          3636 
 2852          3633 
 2853          3633 
 2854          3633 
 2855          3633 
 2856          3633 
 2857          3633 
 2858          3633 
 2859          3633 
 2860          3633 
 2861          3633 
 2862          3633 
 2863          3630 
 2864          3630 
 2865          3630 
 2866          3630 
 2867          3630 
 2868          3630 
 2869          3630 
 2870          3630 
 2871          3630 
 2872          3630 
 2873          3630 
 2874          3630 
 2875          3627 
 2876          3630 
 2877          3627 
 2878          3627 
 2879          3630 
 2880          3627 
 2881          3627 
 2882          3627 
 2883          3627 
 2884          3627 
 2885          3627 
 2886          3627 
 2887          3627 
 2888          3627 
 2889          3627 
 2890          3627 
 2891          3624 
 2892          3624 
 2893          3624 
 2894          3624 
 2895          3624 
 2896          3624 
 2897          3624 
 2898          3624 
 2899          3624 
 2900          3624 
 2901          3624 
 2902          3621 
 2903          3621 
 2904          3621 
 2905          3621 
 2906          3621 
 2907          3621 
 2908          3621 
 2909          3621 
 2910          3621 
 2911          3621 
 2912          3621 
 2913          3621 
 2914          3621 
 2915          3621 
 2916          3618 
 2917          3618 
 2918          3618 
 2919          3618 
 2920          3618 
 2921          3618 
 2922          3618 
 2923          3618 
 2924          3618 
 2925          3618 
 2926          3618 
 2927          3618 
 2928          3615 
 2929          3615 
 2930          3615 
 2931          3615 
 2932          3615 
 2933          3615 
 2934          3615 
 2935          3615 
 2936          3615 
 2937          3615 
 2938          3615 
 2939          3612 
 2940          3615 
 2941          3612 
 2942          3612 
 2943          3612 
 2944          3612 
 2945          3612 
 2946          3612 
 2947          3612 
 2948          3612 
 2949          3612 
 2950          3612 
 2951          3609 
 2952          3609 
 2953          3609 
 2954          3609 
 2955          3609 
 2956          3609 
 2957          3609 
 2958          3609 
 2959          3606 
 2960          3606 
 2961          3606 
 2962          3606 
 2963          3606 
 2964          3606 
 2965          3606 
 2966          3606 
 2967          3606 
 2968          3606 
 2969          3603 
 2970          3603 
 2971          3603 
 2972          3603 
 2973          3603 
 2974          3603 
 2975          3600 
 2976          3600 
 2977          3600 
 2978          3600 
 2979          3600 
 2980          3600 
 2981          3600 
 2982          3600 
 2983          3600 
 2984          3597 
 2985          3597 
 2986          3597 
 2987          3597 
 2988          3597 
 2989          3597 
 2990          3594 
 2991          3594 
 2992          3594 
 2993          3594 
 2994          3594 
 2995          3591 
 2996          3591 
 2997          3591 
 2998          3591 
 2999          3591 
 3000          3588 
 3001          3588 
 3002          3588 
 3003          3588 
 3004          3588 
 3005          3588 
 3006          3585 
 3007          3585 
 3008          3585 
 3009          3585 
 3010          3582 
 3011          3582 
 3012          3582 
 3013          3582 
 3014          3582 
 3015          3582 
 3016          3579 
 3017          3579 
 3018          3579 
 3019          3576 
 3020          3576 
 3021          3576 
 3022          3576 
 3023          3573 
 3024          3573 
 3025          3573 
 3026          3573 
 3027          3570 
 3028          3570 
 3029          3570 
 3030          3567 
 3031          3567 
 3032          3567 
 3033          3567 
 3034          3564 
 3035          3564 
 3036          3561 
 3037          3561 
 3038          3561 
 3039          3561 
 3040          3558 
 3041          3558 
 3042          3555 
 3043          3555 
 3044          3555 
 3045          3552 
 3046          3552 
 3047          3549 
 3048          3549 
 3049          3549 
 3050          3549 
 3051          3546 
 3052          3543 
 3053          3543 
 3054          3543 
 3055          3540 
 3056          3540 
 3057          3540 
 3058          3537 
 3059          3537 
 3060          3534 
 3061          3534 
 3062          3534 
 3063          3531 
 3064          3531 
 3065          3531 
 3066          3528 
 3067          3528 
 3068          3525 
 3069          3525 
 3070          3522 
 3071          3522 
 3072          3522 
 3073          3519 
 3074          3519 
 3075          3516 
 3076          3513 
 3077          3513 
 3078          3510 
 3079          3510 
 3080          3510 
 3081          3507 
 3082          3507 
 3083          3504 
 3084          3501 
 3085          3501 
 3086          3498 
 3087          3498 
 3088          3495 
 3089          3495 
 3090          3492 
 3091          3492 
 3092          3489 
 3093          3486 
 3094          3486 
 3095          3483 
 3096          3480 
 3097          3480 
 3098          3477 
 3099          3477 
 3100          3474 
 3101          3471 
 3102          3468 
 3103          3468 
 3104          3465 
 3105          3462 
 3106          3462 
 3107          3459 
 3108          3456 
 3109          3456 
 3110          3453 
 3111          3450 
 3112          3447 
 3113          3444 
 3114          3444 
 3115          3441 
 3116          3438 
 3117          3435 
 3118          3432 
 3119          3429 
 3120          3429 
 3121          3423 
 3122          3423 
 3123          3417 
 3124          3417 
 3125          3414 
 3126          3411 
 3127          3408 
 3128          3405 
 3129          3402 
 3130          3399 
 3131          3396 
 3132          3390 
 3133          3387 
 3134          3384 
 3135          3381 
 3136          3378 
 3137          3375 
 3138          3369 
 3139          3366 
 3140          3363 
 3141          3360 
 3142          3354 
 3143          3351 
 3144          3348 
 3145          3342 
 3146          3339 
 3147          3333 
 3148          3330 
 3149          3324 
 3150          3321 
 3151          3315 
 3152          3309 
 3153          3306 
 3154          3300 
 3155          3294 
 3156          3291 
 3157          3285 
 3158          3279 
 3159          3273 
 3160          3267 
 3161          3261 
 3162          3258 
 3163          3252 
 3164          3243 
 3165          3237 
 3166          3231 
 3167          3222 
 3168          3216 
 3169          3207 
 3170          3201 
 3171          3192 
 3172          3183 
 3173          3177 
 3174          3168 
 3175          3156 
 3176          3147 
 3177          3138 
 3178          3129 
 3179          3117 
 3180          3105 
 3181          3093 
 3182          3078 
 3183          3066 
 3184          3051 
 3185          3036 
 3186          3018 
 3187          2997 
 3188          2979 
 3189          2955 
 3190          2931 
 3191          2904 
 3192          2874 
 3193          2844 
 3194          2808 
 3195          2769 
 3196          2727 
 3197          2682 
 3198          2628 
 3199          2571 
