t          U
 0             3054 
 1             3102 
 2             3132 
 3             3156 
 4             3180 
 5             3201 
 6             3222 
 7             3240 
 8             3258 
 9             3273 
 10            3288 
 11            3303 
 12            3318 
 13            3330 
 14            3342 
 15            3354 
 16            3366 
 17            3375 
 18            3384 
 19            3393 
 20            3405 
 21            3414 
 22            3420 
 23            3429 
 24            3438 
 25            3444 
 26            3450 
 27            3459 
 28            3465 
 29            3471 
 30            3477 
 31            3486 
 32            3492 
 33            3498 
 34            3504 
 35            3510 
 36            3516 
 37            3519 
 38            3525 
 39            3531 
 40            3534 
 41            3540 
 42            3546 
 43            3549 
 44            3555 
 45            3561 
 46            3564 
 47            3570 
 48            3573 
 49            3576 
 50            3582 
 51            3585 
 52            3591 
 53            3594 
 54            3597 
 55            3603 
 56            3606 
 57            3609 
 58            3612 
 59            3618 
 60            3621 
 61            3624 
 62            3627 
 63            3633 
 64            3636 
 65            3639 
 66            3639 
 67            3645 
 68            3648 
 69            3651 
 70            3651 
 71            3654 
 72            3657 
 73            3660 
 74            3663 
 75            3666 
 76            3669 
 77            3672 
 78            3675 
 79            3678 
 80            3681 
 81            3684 
 82            3687 
 83            3687 
 84            3690 
 85            3693 
 86            3696 
 87            3699 
 88            3699 
 89            3702 
 90            3705 
 91            3708 
 92            3711 
 93            3714 
 94            3714 
 95            3717 
 96            3720 
 97            3720 
 98            3723 
 99            3726 
 100           3726 
 101           3729 
 102           3732 
 103           3735 
 104           3738 
 105           3738 
 106           3741 
 107           3741 
 108           3744 
 109           3747 
 110           3747 
 111           3750 
 112           3753 
 113           3756 
 114           3756 
 115           3759 
 116           3759 
 117           3762 
 118           3762 
 119           3765 
 120           3768 
 121           3768 
 122           3771 
 123           3774 
 124           3774 
 125           3777 
 126           3777 
 127           3780 
 128           3783 
 129           3783 
 130           3786 
 131           3786 
 132           3786 
 133           3789 
 134           3789 
 135           3792 
 136           3792 
 137           3792 
 138           3795 
 139           3795 
 140           3795 
 141           3798 
 142           3798 
 143           3798 
 144           3798 
 145           3801 
 146           3801 
 147           3801 
 148           3801 
 149           3804 
 150           3804 
 151           3804 
 152           3804 
 153           3807 
 154           3807 
 155           3804 
 156           3807 
 157           3807 
 158           3807 
 159           3807 
 160           3807 
 161           3810 
 162           3810 
 163           3810 
 164           3810 
 165           3810 
 166           3810 
 167           3810 
 168           3810 
 169           3810 
 170           3810 
 171           3813 
 172           3813 
 173           3813 
 174           3813 
 175           3813 
 176           3813 
 177           3813 
 178           3813 
 179           3813 
 180           3813 
 181           3816 
 182           3816 
 183           3816 
 184           3816 
 185           3816 
 186           3816 
 187           3816 
 188           3816 
 189           3816 
 190           3816 
 191           3819 
 192           3819 
 193           3819 
 194           3816 
 195           3819 
 196           3819 
 197           3819 
 198           3819 
 199           3819 
 200           3819 
 201           3819 
 202           3819 
 203           3819 
 204           3822 
 205           3822 
 206           3822 
 207           3822 
 208           3822 
 209           3822 
 210           3822 
 211           3822 
 212           3822 
 213           3825 
 214           3825 
 215           3825 
 216           3825 
 217           3825 
 218           3825 
 219           3825 
 220           3825 
 221           3825 
 222           3825 
 223           3825 
 224           3828 
 225           3828 
 226           3828 
 227           3828 
 228           3828 
 229           3828 
 230           3828 
 231           3828 
 232           3828 
 233           3831 
 234           3831 
 235           3831 
 236           3831 
 237           3831 
 238           3831 
 239           3831 
 240           3831 
 241           3831 
 242           3834 
 243           3834 
 244           3834 
 245           3834 
 246           3834 
 247           3834 
 248           3834 
 249           3834 
 250           3834 
 251           3834 
 252           3837 
 253           3837 
 254           3837 
 255           3837 
 256           3837 
 257           3837 
 258           3837 
 259           3837 
 260           3837 
 261           3840 
 262           3840 
 263           3840 
 264           3840 
 265           3840 
 266           3840 
 267           3843 
 268           3840 
 269           3843 
 270           3843 
 271           3843 
 272           3843 
 273           3843 
 274           3843 
 275           3843 
 276           3843 
 277           3846 
 278           3843 
 279           3843 
 280           3846 
 281           3846 
 282           3846 
 283           3846 
 284           3846 
 285           3846 
 286           3846 
 287           3849 
 288           3849 
 289           3849 
 290           3849 
 291           3849 
 292           3849 
 293           3849 
 294           3849 
 295           3849 
 296           3852 
 297           3849 
 298           3852 
 299           3852 
 300           3852 
 301           3852 
 302           3852 
 303           3852 
 304           3852 
 305           3855 
 306           3855 
 307           3855 
 308           3855 
 309           3855 
 310           3855 
 311           3855 
 312           3855 
 313           3855 
 314           3855 
 315           3858 
 316           3858 
 317           3858 
 318           3858 
 319           3858 
 320           3858 
 321           3858 
 322           3858 
 323           3861 
 324           3861 
 325           3861 
 326           3861 
 327           3861 
 328           3861 
 329           3861 
 330           3861 
 331           3861 
 332           3861 
 333           3861 
 334           3864 
 335           3864 
 336           3864 
 337           3864 
 338           3864 
 339           3864 
 340           3864 
 341           3864 
 342           3864 
 343           3867 
 344           3867 
 345           3867 
 346           3867 
 347           3867 
 348           3867 
 349           3867 
 350           3867 
 351           3867 
 352           3867 
 353           3870 
 354           3870 
 355           3870 
 356           3870 
 357           3870 
 358           3870 
 359           3870 
 360           3870 
 361           3870 
 362           3870 
 363           3870 
 364           3873 
 365           3873 
 366           3873 
 367           3873 
 368           3873 
 369           3873 
 370           3873 
 371           3873 
 372           3873 
 373           3873 
 374           3873 
 375           3876 
 376           3873 
 377           3876 
 378           3876 
 379           3876 
 380           3876 
 381           3876 
 382           3876 
 383           3876 
 384           3876 
 385           3879 
 386           3879 
 387           3879 
 388           3879 
 389           3879 
 390           3879 
 391           3879 
 392           3879 
 393           3879 
 394           3879 
 395           3879 
 396           3879 
 397           3882 
 398           3882 
 399           3882 
 400           3882 
 401           3882 
 402           3882 
 403           3882 
 404           3882 
 405           3882 
 406           3882 
 407           3882 
 408           3882 
 409           3882 
 410           3882 
 411           3885 
 412           3885 
 413           3885 
 414           3885 
 415           3885 
 416           3885 
 417           3885 
 418           3885 
 419           3885 
 420           3885 
 421           3885 
 422           3888 
 423           3888 
 424           3888 
 425           3888 
 426           3888 
 427           3888 
 428           3888 
 429           3888 
 430           3888 
 431           3888 
 432           3888 
 433           3888 
 434           3888 
 435           3888 
 436           3891 
 437           3891 
 438           3891 
 439           3891 
 440           3891 
 441           3891 
 442           3891 
 443           3891 
 444           3891 
 445           3891 
 446           3891 
 447           3891 
 448           3891 
 449           3891 
 450           3891 
 451           3894 
 452           3891 
 453           3894 
 454           3894 
 455           3894 
 456           3894 
 457           3894 
 458           3894 
 459           3894 
 460           3894 
 461           3894 
 462           3894 
 463           3894 
 464           3894 
 465           3894 
 466           3894 
 467           3897 
 468           3894 
 469           3897 
 470           3897 
 471           3894 
 472           3897 
 473           3897 
 474           3897 
 475           3897 
 476           3897 
 477           3897 
 478           3897 
 479           3897 
 480           3897 
 481           3897 
 482           3897 
 483           3897 
 484           3897 
 485           3897 
 486           3897 
 487           3897 
 488           3900 
 489           3900 
 490           3900 
 491           3900 
 492           3900 
 493           3900 
 494           3900 
 495           3900 
 496           3900 
 497           3900 
 498           3900 
 499           3900 
 500           3900 
 501           3900 
 502           3900 
 503           3900 
 504           3900 
 505           3900 
 506           3900 
 507           3900 
 508           3900 
 509           3900 
 510           3903 
 511           3903 
 512           3903 
 513           3903 
 514           3903 
 515           3903 
 516           3903 
 517           3903 
 518           3903 
 519           3903 
 520           3903 
 521           3903 
 522           3903 
 523           3903 
 524           3903 
 525           3903 
 526           3903 
 527           3903 
 528           3903 
 529           3903 
 530           3903 
 531           3903 
 532           3903 
 533           3903 
 534           3906 
 535           3903 
 536           3906 
 537           3903 
 538           3906 
 539           3906 
 540           3903 
 541           3906 
 542           3906 
 543           3906 
 544           3906 
 545           3906 
 546           3906 
 547           3906 
 548           3906 
 549           3906 
 550           3906 
 551           3906 
 552           3906 
 553           3906 
 554           3906 
 555           3906 
 556           3906 
 557           3906 
 558           3906 
 559           3906 
 560           3906 
 561           3906 
 562           3909 
 563           3909 
 564           3909 
 565           3909 
 566           3909 
 567           3909 
 568           3909 
 569           3909 
 570           3909 
 571           3909 
 572           3909 
 573           3909 
 574           3909 
 575           3909 
 576           3909 
 577           3909 
 578           3909 
 579           3909 
 580           3909 
 581           3909 
 582           3909 
 583           3909 
 584           3909 
 585           3909 
 586           3909 
 587           3909 
 588           3909 
 589           3909 
 590           3912 
 591           3912 
 592           3912 
 593           3912 
 594           3912 
 595           3912 
 596           3912 
 597           3912 
 598           3912 
 599           3912 
 600           3912 
 601           3912 
 602           3912 
 603           3912 
 604           3912 
 605           3912 
 606           3912 
 607           3912 
 608           3912 
 609           3912 
 610           3912 
 611           3912 
 612           3912 
 613           3912 
 614           3912 
 615           3915 
 616           3915 
 617           3912 
 618           3912 
 619           3915 
 620           3915 
 621           3915 
 622           3915 
 623           3915 
 624           3915 
 625           3915 
 626           3915 
 627           3915 
 628           3915 
 629           3915 
 630           3915 
 631           3915 
 632           3915 
 633           3915 
 634           3915 
 635           3915 
 636           3915 
 637           3915 
 638           3915 
 639           3915 
 640           3915 
 641           3915 
 642           3915 
 643           3915 
 644           3918 
 645           3918 
 646           3918 
 647           3918 
 648           3918 
 649           3918 
 650           3918 
 651           3918 
 652           3918 
 653           3918 
 654           3918 
 655           3918 
 656           3918 
 657           3918 
 658           3918 
 659           3918 
 660           3918 
 661           3918 
 662           3918 
 663           3918 
 664           3918 
 665           3918 
 666           3918 
 667           3918 
 668           3918 
 669           3921 
 670           3921 
 671           3921 
 672           3921 
 673           3921 
 674           3921 
 675           3921 
 676           3921 
 677           3921 
 678           3921 
 679           3921 
 680           3921 
 681           3921 
 682           3921 
 683           3921 
 684           3921 
 685           3924 
 686           3921 
 687           3921 
 688           3921 
 689           3924 
 690           3921 
 691           3924 
 692           3924 
 693           3924 
 694           3924 
 695           3924 
 696           3924 
 697           3924 
 698           3924 
 699           3924 
 700           3924 
 701           3924 
 702           3924 
 703           3924 
 704           3924 
 705           3924 
 706           3924 
 707           3924 
 708           3924 
 709           3924 
 710           3927 
 711           3927 
 712           3927 
 713           3927 
 714           3927 
 715           3927 
 716           3927 
 717           3927 
 718           3927 
 719           3927 
 720           3927 
 721           3927 
 722           3927 
 723           3927 
 724           3927 
 725           3927 
 726           3927 
 727           3927 
 728           3930 
 729           3930 
 730           3930 
 731           3930 
 732           3930 
 733           3930 
 734           3930 
 735           3930 
 736           3930 
 737           3930 
 738           3930 
 739           3930 
 740           3930 
 741           3930 
 742           3930 
 743           3930 
 744           3933 
 745           3930 
 746           3930 
 747           3933 
 748           3930 
 749           3933 
 750           3933 
 751           3933 
 752           3933 
 753           3933 
 754           3933 
 755           3933 
 756           3933 
 757           3933 
 758           3933 
 759           3933 
 760           3933 
 761           3933 
 762           3933 
 763           3933 
 764           3933 
 765           3936 
 766           3936 
 767           3933 
 768           3936 
 769           3936 
 770           3936 
 771           3936 
 772           3936 
 773           3936 
 774           3936 
 775           3936 
 776           3936 
 777           3936 
 778           3936 
 779           3936 
 780           3936 
 781           3936 
 782           3939 
 783           3939 
 784           3939 
 785           3939 
 786           3939 
 787           3939 
 788           3939 
 789           3939 
 790           3939 
 791           3939 
 792           3939 
 793           3939 
 794           3939 
 795           3942 
 796           3939 
 797           3939 
 798           3942 
 799           3942 
 800           3942 
 801           3942 
 802           3942 
 803           3942 
 804           3942 
 805           3942 
 806           3942 
 807           3942 
 808           3942 
 809           3942 
 810           3942 
 811           3942 
 812           3942 
 813           3945 
 814           3945 
 815           3945 
 816           3945 
 817           3945 
 818           3945 
 819           3945 
 820           3945 
 821           3945 
 822           3945 
 823           3945 
 824           3945 
 825           3945 
 826           3948 
 827           3948 
 828           3948 
 829           3948 
 830           3948 
 831           3948 
 832           3948 
 833           3948 
 834           3948 
 835           3948 
 836           3948 
 837           3948 
 838           3948 
 839           3948 
 840           3951 
 841           3951 
 842           3948 
 843           3951 
 844           3951 
 845           3951 
 846           3951 
 847           3951 
 848           3951 
 849           3951 
 850           3951 
 851           3951 
 852           3951 
 853           3954 
 854           3954 
 855           3954 
 856           3954 
 857           3954 
 858           3954 
 859           3954 
 860           3954 
 861           3954 
 862           3954 
 863           3954 
 864           3954 
 865           3954 
 866           3957 
 867           3957 
 868           3957 
 869           3957 
 870           3957 
 871           3957 
 872           3957 
 873           3957 
 874           3957 
 875           3957 
 876           3957 
 877           3957 
 878           3957 
 879           3957 
 880           3960 
 881           3957 
 882           3960 
 883           3960 
 884           3960 
 885           3960 
 886           3960 
 887           3960 
 888           3960 
 889           3960 
 890           3960 
 891           3960 
 892           3960 
 893           3963 
 894           3960 
 895           3963 
 896           3963 
 897           3963 
 898           3963 
 899           3963 
 900           3963 
 901           3963 
 902           3963 
 903           3963 
 904           3963 
 905           3963 
 906           3963 
 907           3966 
 908           3966 
 909           3966 
 910           3966 
 911           3966 
 912           3966 
 913           3966 
 914           3966 
 915           3966 
 916           3966 
 917           3966 
 918           3966 
 919           3969 
 920           3969 
 921           3969 
 922           3969 
 923           3969 
 924           3969 
 925           3969 
 926           3969 
 927           3969 
 928           3969 
 929           3969 
 930           3972 
 931           3972 
 932           3972 
 933           3972 
 934           3972 
 935           3972 
 936           3972 
 937           3972 
 938           3972 
 939           3972 
 940           3972 
 941           3972 
 942           3972 
 943           3972 
 944           3975 
 945           3975 
 946           3975 
 947           3975 
 948           3975 
 949           3975 
 950           3975 
 951           3975 
 952           3975 
 953           3975 
 954           3975 
 955           3975 
 956           3978 
 957           3978 
 958           3978 
 959           3978 
 960           3978 
 961           3978 
 962           3978 
 963           3978 
 964           3978 
 965           3978 
 966           3978 
 967           3978 
 968           3981 
 969           3981 
 970           3981 
 971           3981 
 972           3981 
 973           3981 
 974           3981 
 975           3981 
 976           3981 
 977           3981 
 978           3984 
 979           3984 
 980           3984 
 981           3984 
 982           3984 
 983           3984 
 984           3984 
 985           3984 
 986           3984 
 987           3984 
 988           3984 
 989           3987 
 990           3984 
 991           3987 
 992           3987 
 993           3987 
 994           3987 
 995           3987 
 996           3987 
 997           3987 
 998           3987 
 999           3987 
 1000          3990 
 1001          3987 
 1002          3990 
 1003          3990 
 1004          3990 
 1005          3990 
 1006          3990 
 1007          3990 
 1008          3990 
 1009          3990 
 1010          3990 
 1011          3990 
 1012          3990 
 1013          3993 
 1014          3993 
 1015          3993 
 1016          3993 
 1017          3993 
 1018          3993 
 1019          3993 
 1020          3993 
 1021          3993 
 1022          3996 
 1023          3996 
 1024          3996 
 1025          3996 
 1026          3996 
 1027          3996 
 1028          3996 
 1029          3996 
 1030          3996 
 1031          3996 
 1032          3996 
 1033          3996 
 1034          3996 
 1035          3999 
 1036          3999 
 1037          3999 
 1038          3999 
 1039          3999 
 1040          3999 
 1041          3999 
 1042          3999 
 1043          3999 
 1044          4002 
 1045          4002 
 1046          4002 
 1047          4002 
 1048          4002 
 1049          4002 
 1050          4002 
 1051          4002 
 1052          4002 
 1053          4002 
 1054          4002 
 1055          4005 
 1056          4005 
 1057          4005 
 1058          4005 
 1059          4005 
 1060          4005 
 1061          4005 
 1062          4005 
 1063          4005 
 1064          4005 
 1065          4005 
 1066          4008 
 1067          4008 
 1068          4008 
 1069          4008 
 1070          4008 
 1071          4008 
 1072          4008 
 1073          4008 
 1074          4008 
 1075          4011 
 1076          4008 
 1077          4011 
 1078          4011 
 1079          4011 
 1080          4011 
 1081          4011 
 1082          4011 
 1083          4011 
 1084          4011 
 1085          4011 
 1086          4014 
 1087          4014 
 1088          4014 
 1089          4014 
 1090          4014 
 1091          4014 
 1092          4014 
 1093          4014 
 1094          4014 
 1095          4014 
 1096          4014 
 1097          4017 
 1098          4017 
 1099          4017 
 1100          4017 
 1101          4017 
 1102          4017 
 1103          4017 
 1104          4017 
 1105          4017 
 1106          4020 
 1107          4020 
 1108          4020 
 1109          4020 
 1110          4020 
 1111          4020 
 1112          4020 
 1113          4020 
 1114          4020 
 1115          4020 
 1116          4023 
 1117          4020 
 1118          4023 
 1119          4023 
 1120          4023 
 1121          4023 
 1122          4023 
 1123          4023 
 1124          4023 
 1125          4023 
 1126          4026 
 1127          4026 
 1128          4026 
 1129          4026 
 1130          4026 
 1131          4026 
 1132          4026 
 1133          4026 
 1134          4026 
 1135          4026 
 1136          4026 
 1137          4029 
 1138          4029 
 1139          4029 
 1140          4029 
 1141          4029 
 1142          4029 
 1143          4029 
 1144          4029 
 1145          4029 
 1146          4029 
 1147          4029 
 1148          4032 
 1149          4032 
 1150          4032 
 1151          4032 
 1152          4032 
 1153          4032 
 1154          4032 
 1155          4032 
 1156          4032 
 1157          4032 
 1158          4032 
 1159          4035 
 1160          4035 
 1161          4035 
 1162          4035 
 1163          4035 
 1164          4035 
 1165          4035 
 1166          4035 
 1167          4035 
 1168          4035 
 1169          4038 
 1170          4035 
 1171          4038 
 1172          4038 
 1173          4038 
 1174          4038 
 1175          4038 
 1176          4038 
 1177          4038 
 1178          4041 
 1179          4041 
 1180          4041 
 1181          4041 
 1182          4041 
 1183          4041 
 1184          4041 
 1185          4041 
 1186          4041 
 1187          4041 
 1188          4041 
 1189          4041 
 1190          4044 
 1191          4044 
 1192          4044 
 1193          4044 
 1194          4044 
 1195          4044 
 1196          4044 
 1197          4044 
 1198          4047 
 1199          4047 
 1200          4047 
 1201          4047 
 1202          4047 
 1203          4047 
 1204          4047 
 1205          4047 
 1206          4047 
 1207          4050 
 1208          4050 
 1209          4050 
 1210          4050 
 1211          4050 
 1212          4050 
 1213          4050 
 1214          4050 
 1215          4053 
 1216          4053 
 1217          4053 
 1218          4053 
 1219          4053 
 1220          4053 
 1221          4053 
 1222          4053 
 1223          4053 
 1224          4053 
 1225          4056 
 1226          4053 
 1227          4056 
 1228          4056 
 1229          4056 
 1230          4056 
 1231          4056 
 1232          4056 
 1233          4056 
 1234          4059 
 1235          4059 
 1236          4059 
 1237          4059 
 1238          4059 
 1239          4059 
 1240          4059 
 1241          4059 
 1242          4062 
 1243          4062 
 1244          4062 
 1245          4062 
 1246          4062 
 1247          4062 
 1248          4062 
 1249          4062 
 1250          4062 
 1251          4065 
 1252          4065 
 1253          4065 
 1254          4065 
 1255          4065 
 1256          4065 
 1257          4065 
 1258          4065 
 1259          4065 
 1260          4065 
 1261          4068 
 1262          4068 
 1263          4068 
 1264          4068 
 1265          4068 
 1266          4068 
 1267          4068 
 1268          4068 
 1269          4071 
 1270          4068 
 1271          4071 
 1272          4071 
 1273          4071 
 1274          4071 
 1275          4071 
 1276          4071 
 1277          4071 
 1278          4071 
 1279          4074 
 1280          4074 
 1281          4074 
 1282          4074 
 1283          4074 
 1284          4074 
 1285          4074 
 1286          4074 
 1287          4074 
 1288          4077 
 1289          4077 
 1290          4077 
 1291          4077 
 1292          4077 
 1293          4077 
 1294          4077 
 1295          4077 
 1296          4077 
 1297          4080 
 1298          4077 
 1299          4080 
 1300          4080 
 1301          4080 
 1302          4080 
 1303          4080 
 1304          4080 
 1305          4083 
 1306          4080 
 1307          4083 
 1308          4083 
 1309          4083 
 1310          4083 
 1311          4083 
 1312          4083 
 1313          4083 
 1314          4083 
 1315          4086 
 1316          4086 
 1317          4086 
 1318          4086 
 1319          4086 
 1320          4086 
 1321          4086 
 1322          4086 
 1323          4089 
 1324          4086 
 1325          4089 
 1326          4089 
 1327          4089 
 1328          4089 
 1329          4089 
 1330          4089 
 1331          4089 
 1332          4092 
 1333          4092 
 1334          4092 
 1335          4092 
 1336          4092 
 1337          4092 
 1338          4092 
 1339          4092 
 1340          4092 
 1341          4095 
 1342          4095 
 1343          4095 
 1344          4095 
 1345          4095 
 1346          4095 
 1347          4095 
 1348          4098 
 1349          4095 
 1350          4098 
 1351          4098 
 1352          4098 
 1353          4098 
 1354          4098 
 1355          4098 
 1356          4101 
 1357          4101 
 1358          4101 
 1359          4101 
 1360          4101 
 1361          4101 
 1362          4101 
 1363          4104 
 1364          4104 
 1365          4104 
 1366          4104 
 1367          4104 
 1368          4104 
 1369          4104 
 1370          4107 
 1371          4107 
 1372          4107 
 1373          4107 
 1374          4107 
 1375          4107 
 1376          4107 
 1377          4110 
 1378          4110 
 1379          4110 
 1380          4110 
 1381          4110 
 1382          4110 
 1383          4113 
 1384          4113 
 1385          4113 
 1386          4113 
 1387          4113 
 1388          4113 
 1389          4113 
 1390          4116 
 1391          4116 
 1392          4116 
 1393          4116 
 1394          4116 
 1395          4119 
 1396          4116 
 1397          4119 
 1398          4119 
 1399          4119 
 1400          4119 
 1401          4122 
 1402          4122 
 1403          4122 
 1404          4122 
 1405          4122 
 1406          4122 
 1407          4125 
 1408          4125 
 1409          4125 
 1410          4125 
 1411          4125 
 1412          4128 
 1413          4128 
 1414          4128 
 1415          4128 
 1416          4128 
 1417          4128 
 1418          4131 
 1419          4131 
 1420          4131 
 1421          4131 
 1422          4131 
 1423          4134 
 1424          4134 
 1425          4134 
 1426          4134 
 1427          4134 
 1428          4137 
 1429          4137 
 1430          4137 
 1431          4137 
 1432          4137 
 1433          4140 
 1434          4140 
 1435          4140 
 1436          4140 
 1437          4140 
 1438          4140 
 1439          4143 
 1440          4143 
 1441          4143 
 1442          4143 
 1443          4143 
 1444          4146 
 1445          4146 
 1446          4146 
 1447          4146 
 1448          4146 
 1449          4149 
 1450          4149 
 1451          4149 
 1452          4149 
 1453          4149 
 1454          4152 
 1455          4152 
 1456          4152 
 1457          4152 
 1458          4152 
 1459          4155 
 1460          4155 
 1461          4155 
 1462          4155 
 1463          4155 
 1464          4158 
 1465          4158 
 1466          4158 
 1467          4158 
 1468          4161 
 1469          4161 
 1470          4161 
 1471          4161 
 1472          4161 
 1473          4164 
 1474          4164 
 1475          4164 
 1476          4164 
 1477          4164 
 1478          4167 
 1479          4167 
 1480          4167 
 1481          4167 
 1482          4167 
 1483          4170 
 1484          4170 
 1485          4170 
 1486          4170 
 1487          4170 
 1488          4170 
 1489          4173 
 1490          4173 
 1491          4173 
 1492          4173 
 1493          4173 
 1494          4176 
 1495          4176 
 1496          4176 
 1497          4176 
 1498          4176 
 1499          4176 
 1500          4176 
 1501          4179 
 1502          4179 
 1503          4179 
 1504          4179 
 1505          4182 
 1506          4182 
 1507          4182 
 1508          4182 
 1509          4182 
 1510          4182 
 1511          4182 
 1512          4185 
 1513          4185 
 1514          4185 
 1515          4185 
 1516          4185 
 1517          4188 
 1518          4188 
 1519          4188 
 1520          4188 
 1521          4188 
 1522          4188 
 1523          4191 
 1524          4191 
 1525          4191 
 1526          4191 
 1527          4191 
 1528          4191 
 1529          4194 
 1530          4194 
 1531          4194 
 1532          4194 
 1533          4194 
 1534          4197 
 1535          4197 
 1536          4197 
 1537          4197 
 1538          4197 
 1539          4197 
 1540          4197 
 1541          4200 
 1542          4200 
 1543          4200 
 1544          4200 
 1545          4200 
 1546          4203 
 1547          4149 
 1548          4143 
 1549          4140 
 1550          4137 
 1551          4137 
 1552          4131 
 1553          4131 
 1554          4131 
 1555          4128 
 1556          4125 
 1557          4125 
 1558          4125 
 1559          4122 
 1560          4122 
 1561          4122 
 1562          4119 
 1563          4119 
 1564          4119 
 1565          4119 
 1566          4116 
 1567          4116 
 1568          4116 
 1569          4116 
 1570          4116 
 1571          4113 
 1572          4113 
 1573          4113 
 1574          4113 
 1575          4113 
 1576          4110 
 1577          4110 
 1578          4113 
 1579          4110 
 1580          4110 
 1581          4110 
 1582          4110 
 1583          4110 
 1584          4110 
 1585          4110 
 1586          4110 
 1587          4110 
 1588          4110 
 1589          4110 
 1590          4107 
 1591          4107 
 1592          4110 
 1593          4110 
 1594          4107 
 1595          4107 
 1596          4107 
 1597          4107 
 1598          4107 
 1599          4107 
 1600          4107 
 1601          4107 
 1602          4107 
 1603          4107 
 1604          4107 
 1605          4107 
 1606          4107 
 1607          4107 
 1608          4056 
 1609          4050 
 1610          4047 
 1611          4044 
 1612          4041 
 1613          4038 
 1614          4038 
 1615          4035 
 1616          4032 
 1617          4032 
 1618          4032 
 1619          4029 
 1620          4029 
 1621          4026 
 1622          4026 
 1623          4026 
 1624          4023 
 1625          4023 
 1626          4023 
 1627          4023 
 1628          4020 
 1629          4020 
 1630          4020 
 1631          4020 
 1632          4017 
 1633          4017 
 1634          4017 
 1635          4017 
 1636          4014 
 1637          4014 
 1638          4014 
 1639          4014 
 1640          4014 
 1641          4011 
 1642          4011 
 1643          4011 
 1644          4011 
 1645          4008 
 1646          4008 
 1647          4008 
 1648          4008 
 1649          4008 
 1650          4005 
 1651          4005 
 1652          4005 
 1653          4005 
 1654          4005 
 1655          4005 
 1656          4002 
 1657          4002 
 1658          4002 
 1659          4002 
 1660          4002 
 1661          4002 
 1662          3999 
 1663          3999 
 1664          3999 
 1665          3999 
 1666          3999 
 1667          3999 
 1668          3996 
 1669          3996 
 1670          3996 
 1671          3996 
 1672          3996 
 1673          3993 
 1674          3993 
 1675          3993 
 1676          3993 
 1677          3993 
 1678          3993 
 1679          3990 
 1680          3990 
 1681          3990 
 1682          3990 
 1683          3990 
 1684          3987 
 1685          3987 
 1686          3987 
 1687          3987 
 1688          3987 
 1689          3984 
 1690          3984 
 1691          3984 
 1692          3984 
 1693          3984 
 1694          3981 
 1695          3981 
 1696          3981 
 1697          3981 
 1698          3978 
 1699          3978 
 1700          3978 
 1701          3978 
 1702          3975 
 1703          3975 
 1704          3975 
 1705          3975 
 1706          3975 
 1707          3972 
 1708          3972 
 1709          3972 
 1710          3972 
 1711          3972 
 1712          3969 
 1713          3969 
 1714          3969 
 1715          3969 
 1716          3969 
 1717          3966 
 1718          3966 
 1719          3966 
 1720          3966 
 1721          3966 
 1722          3963 
 1723          3963 
 1724          3963 
 1725          3963 
 1726          3960 
 1727          3960 
 1728          3960 
 1729          3960 
 1730          3957 
 1731          3957 
 1732          3957 
 1733          3957 
 1734          3957 
 1735          3957 
 1736          3954 
 1737          3954 
 1738          3954 
 1739          3951 
 1740          3951 
 1741          3954 
 1742          3951 
 1743          3951 
 1744          3951 
 1745          3951 
 1746          3948 
 1747          3948 
 1748          3948 
 1749          3948 
 1750          3945 
 1751          3945 
 1752          3945 
 1753          3945 
 1754          3945 
 1755          3945 
 1756          3942 
 1757          3942 
 1758          3942 
 1759          3942 
 1760          3942 
 1761          3942 
 1762          3939 
 1763          3939 
 1764          3939 
 1765          3939 
 1766          3939 
 1767          3939 
 1768          3936 
 1769          3936 
 1770          3936 
 1771          3936 
 1772          3936 
 1773          3936 
 1774          3933 
 1775          3933 
 1776          3933 
 1777          3933 
 1778          3933 
 1779          3933 
 1780          3933 
 1781          3930 
 1782          3930 
 1783          3930 
 1784          3930 
 1785          3930 
 1786          3930 
 1787          3930 
 1788          3927 
 1789          3927 
 1790          3927 
 1791          3927 
 1792          3927 
 1793          3927 
 1794          3924 
 1795          3924 
 1796          3924 
 1797          3924 
 1798          3924 
 1799          3924 
 1800          3921 
 1801          3921 
 1802          3921 
 1803          3921 
 1804          3921 
 1805          3921 
 1806          3921 
 1807          3921 
 1808          3921 
 1809          3918 
 1810          3918 
 1811          3918 
 1812          3918 
 1813          3918 
 1814          3918 
 1815          3915 
 1816          3915 
 1817          3915 
 1818          3915 
 1819          3915 
 1820          3915 
 1821          3915 
 1822          3915 
 1823          3912 
 1824          3912 
 1825          3912 
 1826          3912 
 1827          3912 
 1828          3912 
 1829          3912 
 1830          3912 
 1831          3912 
 1832          3909 
 1833          3909 
 1834          3909 
 1835          3909 
 1836          3909 
 1837          3909 
 1838          3909 
 1839          3906 
 1840          3906 
 1841          3906 
 1842          3906 
 1843          3906 
 1844          3906 
 1845          3906 
 1846          3906 
 1847          3906 
 1848          3903 
 1849          3903 
 1850          3903 
 1851          3903 
 1852          3903 
 1853          3903 
 1854          3903 
 1855          3903 
 1856          3900 
 1857          3900 
 1858          3900 
 1859          3900 
 1860          3900 
 1861          3900 
 1862          3897 
 1863          3900 
 1864          3897 
 1865          3897 
 1866          3897 
 1867          3897 
 1868          3897 
 1869          3897 
 1870          3897 
 1871          3897 
 1872          3894 
 1873          3894 
 1874          3894 
 1875          3894 
 1876          3894 
 1877          3894 
 1878          3894 
 1879          3894 
 1880          3891 
 1881          3891 
 1882          3891 
 1883          3891 
 1884          3891 
 1885          3891 
 1886          3891 
 1887          3891 
 1888          3888 
 1889          3888 
 1890          3888 
 1891          3888 
 1892          3888 
 1893          3888 
 1894          3888 
 1895          3888 
 1896          3885 
 1897          3885 
 1898          3885 
 1899          3885 
 1900          3885 
 1901          3885 
 1902          3885 
 1903          3885 
 1904          3882 
 1905          3882 
 1906          3882 
 1907          3882 
 1908          3882 
 1909          3882 
 1910          3879 
 1911          3879 
 1912          3879 
 1913          3879 
 1914          3879 
 1915          3879 
 1916          3879 
 1917          3876 
 1918          3876 
 1919          3876 
 1920          3876 
 1921          3876 
 1922          3876 
 1923          3876 
 1924          3876 
 1925          3873 
 1926          3873 
 1927          3873 
 1928          3873 
 1929          3873 
 1930          3873 
 1931          3873 
 1932          3870 
 1933          3870 
 1934          3870 
 1935          3870 
 1936          3870 
 1937          3870 
 1938          3867 
 1939          3870 
 1940          3867 
 1941          3867 
 1942          3867 
 1943          3867 
 1944          3867 
 1945          3867 
 1946          3864 
 1947          3864 
 1948          3864 
 1949          3864 
 1950          3864 
 1951          3864 
 1952          3864 
 1953          3864 
 1954          3861 
 1955          3861 
 1956          3861 
 1957          3861 
 1958          3861 
 1959          3861 
 1960          3861 
 1961          3858 
 1962          3858 
 1963          3858 
 1964          3858 
 1965          3858 
 1966          3858 
 1967          3858 
 1968          3855 
 1969          3855 
 1970          3855 
 1971          3855 
 1972          3855 
 1973          3855 
 1974          3855 
 1975          3852 
 1976          3852 
 1977          3852 
 1978          3852 
 1979          3852 
 1980          3852 
 1981          3852 
 1982          3849 
 1983          3849 
 1984          3849 
 1985          3849 
 1986          3849 
 1987          3849 
 1988          3846 
 1989          3849 
 1990          3846 
 1991          3846 
 1992          3846 
 1993          3846 
 1994          3846 
 1995          3846 
 1996          3843 
 1997          3843 
 1998          3843 
 1999          3843 
 2000          3843 
 2001          3843 
 2002          3843 
 2003          3843 
 2004          3840 
 2005          3840 
 2006          3840 
 2007          3840 
 2008          3840 
 2009          3840 
 2010          3840 
 2011          3837 
 2012          3837 
 2013          3837 
 2014          3837 
 2015          3837 
 2016          3837 
 2017          3837 
 2018          3834 
 2019          3834 
 2020          3834 
 2021          3834 
 2022          3834 
 2023          3834 
 2024          3831 
 2025          3834 
 2026          3831 
 2027          3831 
 2028          3831 
 2029          3831 
 2030          3831 
 2031          3831 
 2032          3831 
 2033          3828 
 2034          3828 
 2035          3828 
 2036          3828 
 2037          3828 
 2038          3828 
 2039          3828 
 2040          3828 
 2041          3828 
 2042          3825 
 2043          3825 
 2044          3825 
 2045          3825 
 2046          3825 
 2047          3825 
 2048          3822 
 2049          3825 
 2050          3822 
 2051          3822 
 2052          3822 
 2053          3822 
 2054          3822 
 2055          3822 
 2056          3822 
 2057          3819 
 2058          3819 
 2059          3819 
 2060          3819 
 2061          3819 
 2062          3819 
 2063          3819 
 2064          3816 
 2065          3816 
 2066          3816 
 2067          3816 
 2068          3816 
 2069          3816 
 2070          3816 
 2071          3816 
 2072          3816 
 2073          3813 
 2074          3813 
 2075          3813 
 2076          3813 
 2077          3813 
 2078          3813 
 2079          3813 
 2080          3810 
 2081          3810 
 2082          3810 
 2083          3810 
 2084          3810 
 2085          3810 
 2086          3810 
 2087          3810 
 2088          3810 
 2089          3807 
 2090          3807 
 2091          3807 
 2092          3807 
 2093          3807 
 2094          3807 
 2095          3807 
 2096          3807 
 2097          3807 
 2098          3807 
 2099          3804 
 2100          3804 
 2101          3804 
 2102          3804 
 2103          3804 
 2104          3804 
 2105          3804 
 2106          3804 
 2107          3801 
 2108          3801 
 2109          3801 
 2110          3801 
 2111          3801 
 2112          3801 
 2113          3801 
 2114          3801 
 2115          3801 
 2116          3798 
 2117          3798 
 2118          3798 
 2119          3798 
 2120          3798 
 2121          3798 
 2122          3798 
 2123          3795 
 2124          3795 
 2125          3795 
 2126          3795 
 2127          3795 
 2128          3795 
 2129          3795 
 2130          3795 
 2131          3795 
 2132          3795 
 2133          3792 
 2134          3792 
 2135          3792 
 2136          3792 
 2137          3792 
 2138          3792 
 2139          3792 
 2140          3792 
 2141          3789 
 2142          3792 
 2143          3789 
 2144          3789 
 2145          3789 
 2146          3789 
 2147          3789 
 2148          3789 
 2149          3789 
 2150          3789 
 2151          3786 
 2152          3786 
 2153          3786 
 2154          3786 
 2155          3786 
 2156          3786 
 2157          3786 
 2158          3783 
 2159          3786 
 2160          3783 
 2161          3783 
 2162          3783 
 2163          3783 
 2164          3783 
 2165          3783 
 2166          3783 
 2167          3783 
 2168          3780 
 2169          3780 
 2170          3780 
 2171          3780 
 2172          3780 
 2173          3780 
 2174          3780 
 2175          3780 
 2176          3780 
 2177          3777 
 2178          3780 
 2179          3777 
 2180          3777 
 2181          3777 
 2182          3777 
 2183          3777 
 2184          3777 
 2185          3777 
 2186          3774 
 2187          3774 
 2188          3774 
 2189          3774 
 2190          3774 
 2191          3774 
 2192          3774 
 2193          3774 
 2194          3774 
 2195          3774 
 2196          3771 
 2197          3771 
 2198          3771 
 2199          3771 
 2200          3771 
 2201          3771 
 2202          3771 
 2203          3771 
 2204          3768 
 2205          3771 
 2206          3771 
 2207          3768 
 2208          3768 
 2209          3768 
 2210          3768 
 2211          3768 
 2212          3768 
 2213          3768 
 2214          3765 
 2215          3768 
 2216          3768 
 2217          3765 
 2218          3765 
 2219          3765 
 2220          3765 
 2221          3765 
 2222          3765 
 2223          3765 
 2224          3765 
 2225          3765 
 2226          3762 
 2227          3762 
 2228          3762 
 2229          3762 
 2230          3762 
 2231          3762 
 2232          3762 
 2233          3762 
 2234          3762 
 2235          3762 
 2236          3762 
 2237          3762 
 2238          3762 
 2239          3759 
 2240          3759 
 2241          3759 
 2242          3759 
 2243          3759 
 2244          3759 
 2245          3759 
 2246          3759 
 2247          3759 
 2248          3759 
 2249          3759 
 2250          3759 
 2251          3756 
 2252          3756 
 2253          3756 
 2254          3756 
 2255          3756 
 2256          3756 
 2257          3756 
 2258          3756 
 2259          3756 
 2260          3756 
 2261          3756 
 2262          3753 
 2263          3753 
 2264          3753 
 2265          3753 
 2266          3753 
 2267          3753 
 2268          3753 
 2269          3753 
 2270          3753 
 2271          3753 
 2272          3750 
 2273          3753 
 2274          3753 
 2275          3750 
 2276          3750 
 2277          3750 
 2278          3750 
 2279          3750 
 2280          3750 
 2281          3750 
 2282          3750 
 2283          3750 
 2284          3750 
 2285          3750 
 2286          3750 
 2287          3750 
 2288          3747 
 2289          3747 
 2290          3747 
 2291          3747 
 2292          3747 
 2293          3747 
 2294          3747 
 2295          3747 
 2296          3747 
 2297          3744 
 2298          3744 
 2299          3744 
 2300          3744 
 2301          3744 
 2302          3744 
 2303          3744 
 2304          3744 
 2305          3744 
 2306          3744 
 2307          3744 
 2308          3741 
 2309          3744 
 2310          3744 
 2311          3741 
 2312          3741 
 2313          3741 
 2314          3741 
 2315          3741 
 2316          3741 
 2317          3741 
 2318          3741 
 2319          3741 
 2320          3741 
 2321          3741 
 2322          3741 
 2323          3741 
 2324          3741 
 2325          3738 
 2326          3738 
 2327          3738 
 2328          3738 
 2329          3738 
 2330          3738 
 2331          3738 
 2332          3738 
 2333          3738 
 2334          3738 
 2335          3738 
 2336          3738 
 2337          3735 
 2338          3735 
 2339          3735 
 2340          3735 
 2341          3735 
 2342          3735 
 2343          3735 
 2344          3735 
 2345          3735 
 2346          3735 
 2347          3735 
 2348          3735 
 2349          3735 
 2350          3735 
 2351          3732 
 2352          3732 
 2353          3732 
 2354          3732 
 2355          3732 
 2356          3732 
 2357          3732 
 2358          3732 
 2359          3732 
 2360          3732 
 2361          3732 
 2362          3729 
 2363          3732 
 2364          3732 
 2365          3732 
 2366          3729 
 2367          3729 
 2368          3729 
 2369          3729 
 2370          3729 
 2371          3729 
 2372          3729 
 2373          3729 
 2374          3729 
 2375          3729 
 2376          3729 
 2377          3726 
 2378          3726 
 2379          3726 
 2380          3726 
 2381          3726 
 2382          3726 
 2383          3726 
 2384          3726 
 2385          3726 
 2386          3726 
 2387          3726 
 2388          3726 
 2389          3726 
 2390          3723 
 2391          3723 
 2392          3723 
 2393          3723 
 2394          3726 
 2395          3723 
 2396          3723 
 2397          3723 
 2398          3723 
 2399          3723 
 2400          3723 
 2401          3723 
 2402          3723 
 2403          3723 
 2404          3723 
 2405          3720 
 2406          3720 
 2407          3720 
 2408          3720 
 2409          3720 
 2410          3720 
 2411          3720 
 2412          3720 
 2413          3720 
 2414          3720 
 2415          3720 
 2416          3720 
 2417          3717 
 2418          3720 
 2419          3720 
 2420          3717 
 2421          3717 
 2422          3717 
 2423          3717 
 2424          3717 
 2425          3717 
 2426          3717 
 2427          3717 
 2428          3717 
 2429          3717 
 2430          3717 
 2431          3717 
 2432          3717 
 2433          3714 
 2434          3714 
 2435          3717 
 2436          3717 
 2437          3714 
 2438          3714 
 2439          3714 
 2440          3714 
 2441          3714 
 2442          3714 
 2443          3714 
 2444          3714 
 2445          3714 
 2446          3714 
 2447          3714 
 2448          3714 
 2449          3714 
 2450          3711 
 2451          3711 
 2452          3711 
 2453          3711 
 2454          3711 
 2455          3711 
 2456          3711 
 2457          3711 
 2458          3711 
 2459          3711 
 2460          3711 
 2461          3711 
 2462          3708 
 2463          3711 
 2464          3711 
 2465          3708 
 2466          3708 
 2467          3708 
 2468          3708 
 2469          3708 
 2470          3708 
 2471          3708 
 2472          3708 
 2473          3708 
 2474          3708 
 2475          3708 
 2476          3708 
 2477          3708 
 2478          3708 
 2479          3705 
 2480          3705 
 2481          3705 
 2482          3705 
 2483          3705 
 2484          3705 
 2485          3705 
 2486          3705 
 2487          3705 
 2488          3705 
 2489          3705 
 2490          3705 
 2491          3705 
 2492          3705 
 2493          3705 
 2494          3705 
 2495          3705 
 2496          3702 
 2497          3702 
 2498          3702 
 2499          3702 
 2500          3702 
 2501          3702 
 2502          3702 
 2503          3702 
 2504          3702 
 2505          3702 
 2506          3702 
 2507          3702 
 2508          3702 
 2509          3702 
 2510          3699 
 2511          3702 
 2512          3699 
 2513          3699 
 2514          3699 
 2515          3699 
 2516          3699 
 2517          3699 
 2518          3699 
 2519          3699 
 2520          3699 
 2521          3699 
 2522          3699 
 2523          3699 
 2524          3699 
 2525          3699 
 2526          3699 
 2527          3696 
 2528          3696 
 2529          3696 
 2530          3696 
 2531          3696 
 2532          3696 
 2533          3696 
 2534          3696 
 2535          3696 
 2536          3696 
 2537          3696 
 2538          3696 
 2539          3696 
 2540          3696 
 2541          3696 
 2542          3696 
 2543          3693 
 2544          3693 
 2545          3693 
 2546          3693 
 2547          3693 
 2548          3693 
 2549          3693 
 2550          3693 
 2551          3693 
 2552          3693 
 2553          3693 
 2554          3693 
 2555          3693 
 2556          3693 
 2557          3693 
 2558          3690 
 2559          3690 
 2560          3690 
 2561          3690 
 2562          3690 
 2563          3690 
 2564          3690 
 2565          3690 
 2566          3690 
 2567          3690 
 2568          3690 
 2569          3690 
 2570          3690 
 2571          3690 
 2572          3690 
 2573          3690 
 2574          3687 
 2575          3687 
 2576          3687 
 2577          3687 
 2578          3687 
 2579          3687 
 2580          3687 
 2581          3687 
 2582          3687 
 2583          3687 
 2584          3687 
 2585          3687 
 2586          3687 
 2587          3687 
 2588          3684 
 2589          3684 
 2590          3684 
 2591          3684 
 2592          3684 
 2593          3684 
 2594          3684 
 2595          3684 
 2596          3684 
 2597          3684 
 2598          3684 
 2599          3684 
 2600          3684 
 2601          3684 
 2602          3684 
 2603          3681 
 2604          3681 
 2605          3681 
 2606          3681 
 2607          3681 
 2608          3681 
 2609          3681 
 2610          3681 
 2611          3681 
 2612          3681 
 2613          3681 
 2614          3681 
 2615          3681 
 2616          3681 
 2617          3681 
 2618          3681 
 2619          3678 
 2620          3678 
 2621          3681 
 2622          3678 
 2623          3678 
 2624          3678 
 2625          3678 
 2626          3678 
 2627          3678 
 2628          3678 
 2629          3678 
 2630          3678 
 2631          3678 
 2632          3678 
 2633          3678 
 2634          3678 
 2635          3678 
 2636          3678 
 2637          3675 
 2638          3675 
 2639          3675 
 2640          3675 
 2641          3675 
 2642          3675 
 2643          3675 
 2644          3675 
 2645          3675 
 2646          3675 
 2647          3675 
 2648          3675 
 2649          3675 
 2650          3675 
 2651          3672 
 2652          3672 
 2653          3675 
 2654          3675 
 2655          3672 
 2656          3672 
 2657          3672 
 2658          3672 
 2659          3672 
 2660          3672 
 2661          3672 
 2662          3672 
 2663          3672 
 2664          3672 
 2665          3669 
 2666          3669 
 2667          3669 
 2668          3669 
 2669          3669 
 2670          3669 
 2671          3669 
 2672          3669 
 2673          3669 
 2674          3669 
 2675          3669 
 2676          3669 
 2677          3669 
 2678          3669 
 2679          3669 
 2680          3669 
 2681          3669 
 2682          3669 
 2683          3666 
 2684          3669 
 2685          3666 
 2686          3666 
 2687          3666 
 2688          3666 
 2689          3666 
 2690          3666 
 2691          3666 
 2692          3666 
 2693          3666 
 2694          3666 
 2695          3666 
 2696          3666 
 2697          3666 
 2698          3666 
 2699          3666 
 2700          3663 
 2701          3663 
 2702          3666 
 2703          3663 
 2704          3663 
 2705          3663 
 2706          3663 
 2707          3663 
 2708          3663 
 2709          3663 
 2710          3663 
 2711          3663 
 2712          3663 
 2713          3663 
 2714          3660 
 2715          3660 
 2716          3663 
 2717          3660 
 2718          3660 
 2719          3663 
 2720          3660 
 2721          3660 
 2722          3660 
 2723          3660 
 2724          3660 
 2725          3660 
 2726          3660 
 2727          3660 
 2728          3660 
 2729          3660 
 2730          3660 
 2731          3657 
 2732          3660 
 2733          3657 
 2734          3657 
 2735          3657 
 2736          3657 
 2737          3657 
 2738          3657 
 2739          3657 
 2740          3657 
 2741          3657 
 2742          3657 
 2743          3657 
 2744          3657 
 2745          3657 
 2746          3657 
 2747          3654 
 2748          3654 
 2749          3654 
 2750          3654 
 2751          3654 
 2752          3654 
 2753          3654 
 2754          3654 
 2755          3654 
 2756          3654 
 2757          3654 
 2758          3654 
 2759          3654 
 2760          3654 
 2761          3654 
 2762          3654 
 2763          3651 
 2764          3651 
 2765          3651 
 2766          3651 
 2767          3651 
 2768          3651 
 2769          3651 
 2770          3651 
 2771          3651 
 2772          3651 
 2773          3651 
 2774          3651 
 2775          3651 
 2776          3651 
 2777          3651 
 2778          3651 
 2779          3651 
 2780          3651 
 2781          3648 
 2782          3648 
 2783          3648 
 2784          3648 
 2785          3648 
 2786          3648 
 2787          3648 
 2788          3648 
 2789          3648 
 2790          3648 
 2791          3648 
 2792          3648 
 2793          3648 
 2794          3648 
 2795          3648 
 2796          3645 
 2797          3645 
 2798          3645 
 2799          3645 
 2800          3645 
 2801          3645 
 2802          3645 
 2803          3645 
 2804          3645 
 2805          3645 
 2806          3645 
 2807          3645 
 2808          3645 
 2809          3645 
 2810          3645 
 2811          3645 
 2812          3645 
 2813          3642 
 2814          3642 
 2815          3642 
 2816          3642 
 2817          3642 
 2818          3642 
 2819          3642 
 2820          3642 
 2821          3642 
 2822          3642 
 2823          3642 
 2824          3642 
 2825          3639 
 2826          3639 
 2827          3639 
 2828          3639 
 2829          3639 
 2830          3639 
 2831          3639 
 2832          3639 
 2833          3639 
 2834          3639 
 2835          3639 
 2836          3636 
 2837          3639 
 2838          3636 
 2839          3636 
 2840          3636 
 2841          3636 
 2842          3636 
 2843          3636 
 2844          3636 
 2845          3636 
 2846          3636 
 2847          3636 
 2848          3636 
 2849          3636 
 2850          3636 
 2851          3636 
 2852          3633 
 2853          3633 
 2854          3633 
 2855          3633 
 2856          3633 
 2857          3633 
 2858          3633 
 2859          3633 
 2860          3633 
 2861          3633 
 2862          3633 
 2863          3630 
 2864          3630 
 2865          3630 
 2866          3630 
 2867          3630 
 2868          3630 
 2869          3630 
 2870          3630 
 2871          3630 
 2872          3630 
 2873          3630 
 2874          3630 
 2875          3627 
 2876          3630 
 2877          3627 
 2878          3627 
 2879          3630 
 2880          3627 
 2881          3627 
 2882          3627 
 2883          3627 
 2884          3627 
 2885          3627 
 2886          3627 
 2887          3627 
 2888          3627 
 2889          3627 
 2890          3627 
 2891          3624 
 2892          3624 
 2893          3624 
 2894          3624 
 2895          3624 
 2896          3624 
 2897          3624 
 2898          3624 
 2899          3624 
 2900          3624 
 2901          3624 
 2902          3621 
 2903          3621 
 2904          3621 
 2905          3621 
 2906          3621 
 2907          3621 
 2908          3621 
 2909          3621 
 2910          3621 
 2911          3621 
 2912          3621 
 2913          3621 
 2914          3621 
 2915          3621 
 2916          3618 
 2917          3618 
 2918          3618 
 2919          3618 
 2920          3618 
 2921          3618 
 2922          3618 
 2923          3618 
 2924          3618 
 2925          3618 
 2926          3618 
 2927          3618 
 2928          3615 
 2929          3615 
 2930          3615 
 2931          3615 
 2932          3615 
 2933          3615 
 2934          3615 
 2935          3615 
 2936          3615 
 2937          3615 
 2938          3615 
 2939          3612 
 2940          3615 
 2941          3612 
 2942          3612 
 2943          3612 
 2944          3612 
 2945          3612 
 2946          3612 
 2947          3612 
 2948          3612 
 2949          3612 
 2950          3612 
 2951          3609 
 2952          3609 
 2953          3609 
 2954          3609 
 2955          3609 
 2956          3609 
 2957          3609 
 2958          3609 
 2959          3606 
 2960          3606 
 2961          3606 
 2962          3606 
 2963          3606 
 2964          3606 
 2965          3606 
 2966          3606 
 2967          3606 
 2968          3606 
 2969          3603 
 2970          3603 
 2971          3603 
 2972          3603 
 2973          3603 
 2974          3603 
 2975          3600 
 2976          3600 
 2977          3600 
 2978          3600 
 2979          3600 
 2980          3600 
 2981          3600 
 2982          3600 
 2983          3600 
 2984          3597 
 2985          3597 
 2986          3597 
 2987          3597 
 2988          3597 
 2989          3597 
 2990          3594 
 2991          3594 
 2992          3594 
 2993          3594 
 2994          3594 
 2995          3591 
 2996          3591 
 2997          3591 
 2998          3591 
 2999          3591 
 3000          3588 
 3001          3588 
 3002          3588 
 3003          3588 
 3004          3588 
 3005          3588 
 3006          3585 
 3007          3585 
 3008          3585 
 3009          3585 
 3010          3582 
 3011          3582 
 3012          3582 
 3013          3582 
 3014          3582 
 3015          3582 
 3016          3579 
 3017          3579 
 3018          3579 
 3019          3576 
 3020          3576 
 3021          3576 
 3022          3576 
 3023          3573 
 3024          3573 
 3025          3573 
 3026          3573 
 3027          3570 
 3028          3570 
 3029          3570 
 3030          3567 
 3031          3567 
 3032          3567 
 3033          3567 
 3034          3564 
 3035          3564 
 3036          3561 
 3037          3561 
 3038          3561 
 3039          3561 
 3040          3558 
 3041          3558 
 3042          3555 
 3043          3555 
 3044          3555 
 3045          3552 
 3046          3552 
 3047          3549 
 3048          3549 
 3049          3549 
 3050          3549 
 3051          3546 
 3052          3543 
 3053          3543 
 3054          3543 
 3055          3540 
 3056          3540 
 3057          3540 
 3058          3537 
 3059          3537 
 3060          3534 
 3061          3534 
 3062          3534 
 3063          3531 
 3064          3531 
 3065          3531 
 3066          3528 
 3067          3528 
 3068          3525 
 3069          3525 
 3070          3522 
 3071          3522 
 3072          3522 
 3073          3519 
 3074          3519 
 3075          3516 
 3076          3513 
 3077          3513 
 3078          3510 
 3079          3510 
 3080          3510 
 3081          3507 
 3082          3507 
 3083          3504 
 3084          3501 
 3085          3501 
 3086          3498 
 3087          3498 
 3088          3495 
 3089          3495 
 3090          3492 
 3091          3492 
 3092          3489 
 3093          3486 
 3094          3486 
 3095          3483 
 3096          3480 
 3097          3480 
 3098          3477 
 3099          3477 
 3100          3474 
 3101          3471 
 3102          3468 
 3103          3468 
 3104          3465 
 3105          3462 
 3106          3462 
 3107          3459 
 3108          3456 
 3109          3456 
 3110          3453 
 3111          3450 
 3112          3447 
 3113          3444 
 3114          3444 
 3115          3441 
 3116          3438 
 3117          3435 
 3118          3432 
 3119          3429 
 3120          3429 
 3121          3423 
 3122          3423 
 3123          3417 
 3124          3417 
 3125          3414 
 3126          3411 
 3127          3408 
 3128          3405 
 3129          3402 
 3130          3399 
 3131          3396 
 3132          3390 
 3133          3387 
 3134          3384 
 3135          3381 
 3136          3378 
 3137          3375 
 3138          3369 
 3139          3366 
 3140          3363 
 3141          3360 
 3142          3354 
 3143          3351 
 3144          3348 
 3145          3342 
 3146          3339 
 3147          3333 
 3148          3330 
 3149          3324 
 3150          3321 
 3151          3315 
 3152          3309 
 3153          3306 
 3154          3300 
 3155          3294 
 3156          3291 
 3157          3285 
 3158          3279 
 3159          3273 
 3160          3267 
 3161          3261 
 3162          3258 
 3163          3252 
 3164          3243 
 3165          3237 
 3166          3231 
 3167          3222 
 3168          3216 
 3169          3207 
 3170          3201 
 3171          3192 
 3172          3183 
 3173          3177 
 3174          3168 
 3175          3156 
 3176          3147 
 3177          3138 
 3178          3129 
 3179          3117 
 3180          3105 
 3181          3093 
 3182          3078 
 3183          3066 
 3184          3051 
 3185          3036 
 3186          3018 
 3187          2997 
 3188          2979 
 3189          2955 
 3190          2931 
 3191          2904 
 3192          2874 
 3193          2844 
 3194          2808 
 3195          2769 
 3196          2727 
 3197          2682 
 3198          2628 
 3199          2571 
