t[s]          U[mV]
 0             3054 
 1             3102 
 2             3132 
 3             3156 
 4             3180 
 5             3201 
 6             3222 
 7             3240 
 8             3258 
 9             3273 
 10            3288 
 11            3303 
 12            3318 
 13            3330 
 14            3342 
 15            3354 
 16            3366 
 17            3375 
 18            3384 
 19            3393 
 20            3405 
 21            3414 
 22            3420 
 23            3429 
 24            3438 
 25            3444 
 26            3450 
 27            3459 
 28            3465 
 29            3471 
 30            3477 
 31            3486 
 32            3492 
 33            3498 
 34            3504 
 35            3510 
 36            3516 
 37            3519 
 38            3525 
 39            3531 
 40            3534 
 41            3540 
 42            3546 
 43            3549 
 44            3555 
 45            3561 
 46            3564 
 47            3570 
 48            3573 
 49            3576 
 50            3582 
 51            3585 
 52            3591 
 53            3594 
 54            3597 
 55            3603 
 56            3606 
 57            3609 
 58            3612 
 59            3618 
 60            3621 
 61            3624 
 62            3627 
 63            3633 
 64            3636 
 65            3639 
 66            3639 
 67            3645 
 68            3648 
 69            3651 
 70            3651 
 71            3654 
 72            3657 
 73            3660 
 74            3663 
 75            3666 
 76            3669 
 77            3672 
 78            3675 
 79            3678 
 80            3681 
 81            3684 
 82            3687 
 83            3687 
 84            3690 
 85            3693 
 86            3696 
 87            3699 
 88            3699 
 89            3702 
 90            3705 
 91            3708 
 92            3711 
 93            3714 
 94            3714 
 95            3717 
 96            3720 
 97            3720 
 98            3723 
 99            3726 
 100           3726 
 101           3729 
 102           3732 
 103           3735 
 104           3738 
 105           3738 
 106           3741 
 107           3741 
 108           3744 
 109           3747 
 110           3747 
 111           3750 
 112           3753 
 113           3756 
 114           3756 
 115           3759 
 116           3759 
 117           3762 
 118           3762 
 119           3765 
 120           3768 
 121           3768 
 122           3771 
 123           3774 
 124           3774 
 125           3777 
 126           3777 
 127           3780 
 128           3783 
 129           3783 
 130           3786 
 131           3786 
 132           3786 
 133           3789 
 134           3789 
 135           3792 
 136           3792 
 137           3792 
 138           3795 
 139           3795 
 140           3795 
 141           3798 
 142           3798 
 143           3798 
 144           3798 
 145           3801 
 146           3801 
 147           3801 
 148           3801 
 149           3804 
 150           3804 
 151           3804 
 152           3804 
 153           3807 
 154           3807 
 155           3804 
 156           3807 
 157           3807 
 158           3807 
 159           3807 
 160           3807 
 161           3810 
 162           3810 
 163           3810 
 164           3810 
 165           3810 
 166           3810 
 167           3810 
 168           3810 
 169           3810 
 170           3810 
 171           3813 
 172           3813 
 173           3813 
 174           3813 
 175           3813 
 176           3813 
 177           3813 
 178           3813 
 179           3813 
 180           3813 
 181           3816 
 182           3816 
 183           3816 
 184           3816 
 185           3816 
 186           3816 
 187           3816 
 188           3816 
 189           3816 
 190           3816 
 191           3819 
 192           3819 
 193           3819 
 194           3816 
 195           3819 
 196           3819 
 197           3819 
 198           3819 
 199           3819 
 200           3819 
 201           3819 
 202           3819 
 203           3819 
 204           3822 
 205           3822 
 206           3822 
 207           3822 
 208           3822 
 209           3822 
 210           3822 
 211           3822 
 212           3822 
 213           3825 
 214           3825 
 215           3825 
 216           3825 
 217           3825 
 218           3825 
 219           3825 
 220           3825 
 221           3825 
 222           3825 
 223           3825 
 224           3828 
 225           3828 
 226           3828 
 227           3828 
 228           3828 
 229           3828 
 230           3828 
 231           3828 
 232           3828 
 233           3831 
 234           3831 
 235           3831 
 236           3831 
 237           3831 
 238           3831 
 239           3831 
 240           3831 
 241           3831 
 242           3834 
 243           3834 
 244           3834 
 245           3834 
 246           3834 
 247           3834 
 248           3834 
 249           3834 
 250           3834 
 251           3834 
 252           3837 
 253           3837 
 254           3837 
 255           3837 
 256           3837 
 257           3837 
 258           3837 
 259           3837 
 260           3837 
 261           3840 
 262           3840 
 263           3840 
 264           3840 
 265           3840 
 266           3840 
 267           3843 
 268           3840 
 269           3843 
 270           3843 
 271           3843 
 272           3843 
 273           3843 
 274           3843 
 275           3843 
 276           3843 
 277           3846 
 278           3843 
 279           3843 
 280           3846 
 281           3846 
 282           3846 
 283           3846 
 284           3846 
 285           3846 
 286           3846 
 287           3849 
 288           3849 
 289           3849 
 290           3849 
 291           3849 
 292           3849 
 293           3849 
 294           3849 
 295           3849 
 296           3852 
 297           3849 
 298           3852 
 299           3852 
 300           3852 
 301           3852 
 302           3852 
 303           3852 
 304           3852 
 305           3855 
 306           3855 
 307           3855 
 308           3855 
 309           3855 
 310           3855 
 311           3855 
 312           3855 
 313           3855 
 314           3855 
 315           3858 
 316           3858 
 317           3858 
 318           3858 
 319           3858 
 320           3858 
 321           3858 
 322           3858 
 323           3861 
 324           3861 
 325           3861 
 326           3861 
 327           3861 
 328           3861 
 329           3861 
 330           3861 
 331           3861 
 332           3861 
 333           3861 
 334           3864 
 335           3864 
 336           3864 
 337           3864 
 338           3864 
 339           3864 
 340           3864 
 341           3864 
 342           3864 
 343           3867 
 344           3867 
 345           3867 
 346           3867 
 347           3867 
 348           3867 
 349           3867 
 350           3867 
 351           3867 
 352           3867 
 353           3870 
 354           3870 
 355           3870 
 356           3870 
 357           3870 
 358           3870 
 359           3870 
 360           3870 
 361           3870 
 362           3870 
 363           3870 
 364           3873 
 365           3873 
 366           3873 
 367           3873 
 368           3873 
 369           3873 
 370           3873 
 371           3873 
 372           3873 
 373           3873 
 374           3873 
 375           3876 
 376           3873 
 377           3876 
 378           3876 
 379           3876 
 380           3876 
 381           3876 
 382           3876 
 383           3876 
 384           3876 
 385           3879 
 386           3879 
 387           3879 
 388           3879 
 389           3879 
 390           3879 
 391           3879 
 392           3879 
 393           3879 
 394           3879 
 395           3879 
 396           3879 
 397           3882 
 398           3882 
 399           3882 
 400           3882 
 401           3882 
 402           3882 
 403           3882 
 404           3882 
 405           3882 
 406           3882 
 407           3882 
 408           3882 
 409           3882 
 410           3882 
 411           3885 
 412           3885 
 413           3885 
 414           3885 
 415           3885 
 416           3885 
 417           3885 
 418           3885 
 419           3885 
 420           3885 
 421           3885 
 422           3888 
 423           3888 
 424           3888 
 425           3888 
 426           3888 
 427           3888 
 428           3888 
 429           3888 
 430           3888 
 431           3888 
 432           3888 
 433           3888 
 434           3888 
 435           3888 
 436           3891 
 437           3891 
 438           3891 
 439           3891 
 440           3891 
 441           3891 
 442           3891 
 443           3891 
 444           3891 
 445           3891 
 446           3891 
 447           3891 
 448           3891 
 449           3891 
 450           3891 
 451           3894 
 452           3891 
 453           3894 
 454           3894 
 455           3894 
 456           3894 
 457           3894 
 458           3894 
 459           3894 
 460           3894 
 461           3894 
 462           3894 
 463           3894 
 464           3894 
 465           3894 
 466           3894 
 467           3897 
 468           3894 
 469           3897 
 470           3897 
 471           3894 
 472           3897 
 473           3897 
 474           3897 
 475           3897 
 476           3897 
 477           3897 
 478           3897 
 479           3897 
 480           3897 
 481           3897 
 482           3897 
 483           3897 
 484           3897 
 485           3897 
 486           3897 
 487           3897 
 488           3900 
 489           3900 
 490           3900 
 491           3900 
 492           3900 
 493           3900 
 494           3900 
 495           3900 
 496           3900 
 497           3900 
 498           3900 
 499           3900 
 500           3900 
 501           3900 
 502           3900 
 503           3900 
 504           3900 
 505           3900 
 506           3900 
 507           3900 
 508           3900 
 509           3900 
 510           3903 
 511           3903 
 512           3903 
 513           3903 
 514           3903 
 515           3903 
 516           3903 
 517           3903 
 518           3903 
 519           3903 
 520           3903 
 521           3903 
 522           3903 
 523           3903 
 524           3903 
 525           3903 
 526           3903 
 527           3903 
 528           3903 
 529           3903 
 530           3903 
 531           3903 
 532           3903 
 533           3903 
 534           3906 
 535           3903 
 536           3906 
 537           3903 
 538           3906 
 539           3906 
 540           3903 
 541           3906 
 542           3906 
 543           3906 
 544           3906 
 545           3906 
 546           3906 
 547           3906 
 548           3906 
 549           3906 
 550           3906 
 551           3906 
 552           3906 
 553           3906 
 554           3906 
 555           3906 
 556           3906 
 557           3906 
 558           3906 
 559           3906 
 560           3906 
 561           3906 
 562           3909 
 563           3909 
 564           3909 
 565           3909 
 566           3909 
 567           3909 
 568           3909 
 569           3909 
 570           3909 
 571           3909 
 572           3909 
 573           3909 
 574           3909 
 575           3909 
 576           3909 
 577           3909 
 578           3909 
 579           3909 
 580           3909 
 581           3909 
 582           3909 
 583           3909 
 584           3909 
 585           3909 
 586           3909 
 587           3909 
 588           3909 
 589           3909 
 590           3912 
 591           3912 
 592           3912 
 593           3912 
 594           3912 
 595           3912 
 596           3912 
 597           3912 
 598           3912 
 599           3912 
 600           3912 
 601           3912 
 602           3912 
 603           3912 
 604           3912 
 605           3912 
 606           3912 
 607           3912 
 608           3912 
 609           3912 
 610           3912 
 611           3912 
 612           3912 
 613           3912 
 614           3912 
 615           3915 
 616           3915 
 617           3912 
 618           3912 
 619           3915 
 620           3915 
 621           3915 
 622           3915 
 623           3915 
 624           3915 
 625           3915 
 626           3915 
 627           3915 
 628           3915 
 629           3915 
 630           3915 
 631           3915 
 632           3915 
 633           3915 
 634           3915 
 635           3915 
 636           3915 
 637           3915 
 638           3915 
 639           3915 
 640           3915 
 641           3915 
 642           3915 
 643           3915 
 644           3918 
 645           3918 
 646           3918 
 647           3918 
 648           3918 
 649           3918 
 650           3918 
 651           3918 
 652           3918 
 653           3918 
 654           3918 
 655           3918 
 656           3918 
 657           3918 
 658           3918 
 659           3918 
 660           3918 
 661           3918 
 662           3918 
 663           3918 
 664           3918 
 665           3918 
 666           3918 
 667           3918 
 668           3918 
 669           3921 
 670           3921 
 671           3921 
 672           3921 
 673           3921 
 674           3921 
 675           3921 
 676           3921 
 677           3921 
 678           3921 
 679           3921 
 680           3921 
 681           3921 
 682           3921 
 683           3921 
 684           3921 
 685           3924 
 686           3921 
 687           3921 
 688           3921 
 689           3924 
 690           3921 
 691           3924 
 692           3924 
 693           3924 
 694           3924 
 695           3924 
 696           3924 
 697           3924 
 698           3924 
 699           3924 
 700           3924 
 701           3924 
 702           3924 
 703           3924 
 704           3924 
 705           3924 
 706           3924 
 707           3924 
 708           3924 
 709           3924 
 710           3927 
 711           3927 
 712           3927 
 713           3927 
 714           3927 
 715           3927 
 716           3927 
 717           3927 
 718           3927 
 719           3927 
 720           3927 
 721           3927 
 722           3927 
 723           3927 
 724           3927 
 725           3927 
 726           3927 
 727           3927 
 728           3930 
 729           3930 
 730           3930 
 731           3930 
 732           3930 
 733           3930 
 734           3930 
 735           3930 
 736           3930 
 737           3930 
 738           3930 
 739           3930 
 740           3930 
 741           3930 
 742           3930 
 743           3930 
 744           3933 
 745           3930 
 746           3930 
 747           3933 
 748           3930 
 749           3933 
 750           3933 
 751           3933 
 752           3933 
 753           3933 
 754           3933 
 755           3933 
 756           3933 
 757           3933 
 758           3933 
 759           3933 
 760           3933 
 761           3933 
 762           3933 
 763           3933 
 764           3933 
 765           3936 
 766           3936 
 767           3933 
 768           3936 
 769           3936 
 770           3936 
 771           3936 
 772           3936 
 773           3936 
 774           3936 
 775           3936 
 776           3936 
 777           3936 
 778           3936 
 779           3936 
 780           3936 
 781           3936 
 782           3939 
 783           3939 
 784           3939 
 785           3939 
 786           3939 
 787           3939 
 788           3939 
 789           3939 
 790           3939 
 791           3939 
 792           3939 
 793           3939 
 794           3939 
 795           3942 
 796           3939 
 797           3939 
 798           3942 
 799           3942 
 800           3942 
 801           3942 
 802           3942 
 803           3942 
 804           3942 
 805           3942 
 806           3942 
 807           3942 
 808           3942 
 809           3942 
 810           3942 
 811           3942 
 812           3942 
 813           3945 
 814           3945 
 815           3945 
 816           3945 
 817           3945 
 818           3945 
 819           3945 
 820           3945 
 821           3945 
 822           3945 
 823           3945 
 824           3945 
 825           3945 
 826           3948 
 827           3948 
 828           3948 
 829           3948 
 830           3948 
 831           3948 
 832           3948 
 833           3948 
 834           3948 
 835           3948 
 836           3948 
 837           3948 
 838           3948 
 839           3948 
 840           3951 
 841           3951 
 842           3948 
 843           3951 
 844           3951 
 845           3951 
 846           3951 
 847           3951 
 848           3951 
 849           3951 
 850           3951 
 851           3951 
 852           3951 
 853           3954 
 854           3954 
 855           3954 
 856           3954 
 857           3954 
 858           3954 
 859           3954 
 860           3954 
 861           3954 
 862           3954 
 863           3954 
 864           3954 
 865           3954 
 866           3957 
 867           3957 
 868           3957 
 869           3957 
 870           3957 
 871           3957 
 872           3957 
 873           3957 
 874           3957 
 875           3957 
 876           3957 
 877           3957 
 878           3957 
 879           3957 
 880           3960 
 881           3957 
 882           3960 
 883           3960 
 884           3960 
 885           3960 
 886           3960 
 887           3960 
 888           3960 
 889           3960 
 890           3960 
 891           3960 
 892           3960 
 893           3963 
 894           3960 
 895           3963 
 896           3963 
 897           3963 
 898           3963 
 899           3963 
 900           3963 
 901           3963 
 902           3963 
 903           3963 
 904           3963 
 905           3963 
 906           3963 
 907           3966 
 908           3966 
 909           3966 
 910           3966 
 911           3966 
 912           3966 
 913           3966 
 914           3966 
 915           3966 
 916           3966 
 917           3966 
 918           3966 
 919           3969 
 920           3969 
 921           3969 
 922           3969 
 923           3969 
 924           3969 
 925           3969 
 926           3969 
 927           3969 
 928           3969 
 929           3969 
 930           3972 
 931           3972 
 932           3972 
 933           3972 
 934           3972 
 935           3972 
 936           3972 
 937           3972 
 938           3972 
 939           3972 
 940           3972 
 941           3972 
 942           3972 
 943           3972 
 944           3975 
 945           3975 
 946           3975 
 947           3975 
 948           3975 
 949           3975 
 950           3975 
 951           3975 
 952           3975 
 953           3975 
 954           3975 
 955           3975 
 956           3978 
 957           3978 
 958           3978 
 959           3978 
 960           3978 
 961           3978 
 962           3978 
 963           3978 
 964           3978 
 965           3978 
 966           3978 
 967           3978 
 968           3981 
 969           3981 
 970           3981 
 971           3981 
 972           3981 
 973           3981 
 974           3981 
 975           3981 
 976           3981 
 977           3981 
 978           3984 
 979           3984 
 980           3984 
 981           3984 
 982           3984 
 983           3984 
 984           3984 
 985           3984 
 986           3984 
 987           3984 
 988           3984 
 989           3987 
 990           3984 
 991           3987 
 992           3987 
 993           3987 
 994           3987 
 995           3987 
 996           3987 
 997           3987 
 998           3987 
 999           3987 
 1000          3990 
 1001          3987 
 1002          3990 
 1003          3990 
 1004          3990 
 1005          3990 
 1006          3990 
 1007          3990 
 1008          3990 
 1009          3990 
 1010          3990 
 1011          3990 
 1012          3990 
 1013          3993 
 1014          3993 
 1015          3993 
 1016          3993 
 1017          3993 
 1018          3993 
 1019          3993 
 1020          3993 
 1021          3993 
 1022          3996 
 1023          3996 
 1024          3996 
 1025          3996 
 1026          3996 
 1027          3996 
 1028          3996 
 1029          3996 
 1030          3996 
 1031          3996 
 1032          3996 
 1033          3996 
 1034          3996 
 1035          3999 
 1036          3999 
 1037          3999 
 1038          3999 
 1039          3999 
 1040          3999 
 1041          3999 
 1042          3999 
 1043          3999 
 1044          4002 
 1045          4002 
 1046          4002 
 1047          4002 
 1048          4002 
 1049          4002 
 1050          4002 
 1051          4002 
 1052          4002 
 1053          4002 
 1054          4002 
 1055          4005 
 1056          4005 
 1057          4005 
 1058          4005 
 1059          4005 
 1060          4005 
 1061          4005 
 1062          4005 
 1063          4005 
 1064          4005 
 1065          4005 
 1066          4008 
 1067          4008 
 1068          4008 
 1069          4008 
 1070          4008 
 1071          4008 
 1072          4008 
 1073          4008 
 1074          4008 
 1075          4011 
 1076          4008 
 1077          4011 
 1078          4011 
 1079          4011 
 1080          4011 
 1081          4011 
 1082          4011 
 1083          4011 
 1084          4011 
 1085          4011 
 1086          4014 
 1087          4014 
 1088          4014 
 1089          4014 
 1090          4014 
 1091          4014 
 1092          4014 
 1093          4014 
 1094          4014 
 1095          4014 
 1096          4014 
 1097          4017 
 1098          4017 
 1099          4017 
 1100          4017 
 1101          4017 
 1102          4017 
 1103          4017 
 1104          4017 
 1105          4017 
 1106          4020 
 1107          4020 
 1108          4020 
 1109          4020 
 1110          4020 
 1111          4020 
 1112          4020 
 1113          4020 
 1114          4020 
 1115          4020 
 1116          4023 
 1117          4020 
 1118          4023 
 1119          4023 
 1120          4023 
 1121          4023 
 1122          4023 
 1123          4023 
 1124          4023 
 1125          4023 
 1126          4026 
 1127          4026 
 1128          4026 
 1129          4026 
 1130          4026 
 1131          4026 
 1132          4026 
 1133          4026 
 1134          4026 
 1135          4026 
 1136          4026 
 1137          4029 
 1138          4029 
 1139          4029 
 1140          4029 
 1141          4029 
 1142          4029 
 1143          4029 
 1144          4029 
 1145          4029 
 1146          4029 
 1147          4029 
 1148          4032 
 1149          4032 
 1150          4032 
 1151          4032 
 1152          4032 
 1153          4032 
 1154          4032 
 1155          4032 
 1156          4032 
 1157          4032 
 1158          4032 
 1159          4035 
 1160          4035 
 1161          4035 
 1162          4035 
 1163          4035 
 1164          4035 
 1165          4035 
 1166          4035 
 1167          4035 
 1168          4035 
 1169          4038 
 1170          4035 
 1171          4038 
 1172          4038 
 1173          4038 
 1174          4038 
 1175          4038 
 1176          4038 
 1177          4038 
 1178          4041 
 1179          4041 
 1180          4041 
 1181          4041 
 1182          4041 
 1183          4041 
 1184          4041 
 1185          4041 
 1186          4041 
 1187          4041 
 1188          4041 
 1189          4041 
 1190          4044 
 1191          4044 
 1192          4044 
 1193          4044 
 1194          4044 
 1195          4044 
 1196          4044 
 1197          4044 
 1198          4047 
 1199          4047 
 1200          4047 
 1201          4047 
 1202          4047 
 1203          4047 
 1204          4047 
 1205          4047 
 1206          4047 
 1207          4050 
 1208          4050 
 1209          4050 
 1210          4050 
 1211          4050 
 1212          4050 
 1213          4050 
 1214          4050 
 1215          4053 
 1216          4053 
 1217          4053 
 1218          4053 
 1219          4053 
 1220          4053 
 1221          4053 
 1222          4053 
 1223          4053 
 1224          4053 
 1225          4056 
 1226          4053 
 1227          4056 
 1228          4056 
 1229          4056 
 1230          4056 
 1231          4056 
 1232          4056 
 1233          4056 
 1234          4059 
 1235          4059 
 1236          4059 
 1237          4059 
 1238          4059 
 1239          4059 
 1240          4059 
 1241          4059 
 1242          4062 
 1243          4062 
 1244          4062 
 1245          4062 
 1246          4062 
 1247          4062 
 1248          4062 
 1249          4062 
 1250          4062 
 1251          4065 
 1252          4065 
 1253          4065 
 1254          4065 
 1255          4065 
 1256          4065 
 1257          4065 
 1258          4065 
 1259          4065 
 1260          4065 
 1261          4068 
 1262          4068 
 1263          4068 
 1264          4068 
 1265          4068 
 1266          4068 
 1267          4068 
 1268          4068 
 1269          4071 
 1270          4068 
 1271          4071 
 1272          4071 
 1273          4071 
 1274          4071 
 1275          4071 
 1276          4071 
 1277          4071 
 1278          4071 
 1279          4074 
 1280          4074 
 1281          4074 
 1282          4074 
 1283          4074 
 1284          4074 
 1285          4074 
 1286          4074 
 1287          4074 
 1288          4077 
 1289          4077 
 1290          4077 
 1291          4077 
 1292          4077 
 1293          4077 
 1294          4077 
 1295          4077 
 1296          4077 
 1297          4080 
 1298          4077 
 1299          4080 
 1300          4080 
 1301          4080 
 1302          4080 
 1303          4080 
 1304          4080 
 1305          4083 
 1306          4080 
 1307          4083 
 1308          4083 
 1309          4083 
 1310          4083 
 1311          4083 
 1312          4083 
 1313          4083 
 1314          4083 
 1315          4086 
 1316          4086 
 1317          4086 
 1318          4086 
 1319          4086 
 1320          4086 
 1321          4086 
 1322          4086 
 1323          4089 
 1324          4086 
 1325          4089 
 1326          4089 
 1327          4089 
 1328          4089 
 1329          4089 
 1330          4089 
 1331          4089 
 1332          4092 
 1333          4092 
 1334          4092 
 1335          4092 
 1336          4092 
 1337          4092 
 1338          4092 
 1339          4092 
 1340          4092 
 1341          4095 
 1342          4095 
 1343          4095 
 1344          4095 
 1345          4095 
 1346          4095 
 1347          4095 
 1348          4098 
 1349          4095 
 1350          4098 
 1351          4098 
 1352          4098 
 1353          4098 
 1354          4098 
 1355          4098 
 1356          4101 
 1357          4101 
 1358          4101 
 1359          4101 
 1360          4101 
 1361          4101 
 1362          4101 
 1363          4104 
 1364          4104 
 1365          4104 
 1366          4104 
 1367          4104 
 1368          4104 
 1369          4104 
 1370          4107 
 1371          4107 
 1372          4107 
 1373          4107 
 1374          4107 
 1375          4107 
 1376          4107 
 1377          4110 
 1378          4110 
 1379          4110 
 1380          4110 
 1381          4110 
 1382          4110 
 1383          4113 
 1384          4113 
 1385          4113 
 1386          4113 
 1387          4113 
 1388          4113 
 1389          4113 
 1390          4116 
 1391          4116 
 1392          4116 
 1393          4116 
 1394          4116 
 1395          4119 
 1396          4116 
 1397          4119 
 1398          4119 
 1399          4119 
 1400          4119 
 1401          4122 
 1402          4122 
 1403          4122 
 1404          4122 
 1405          4122 
 1406          4122 
 1407          4125 
 1408          4125 
 1409          4125 
 1410          4125 
 1411          4125 
 1412          4128 
 1413          4128 
 1414          4128 
 1415          4128 
 1416          4128 
 1417          4128 
 1418          4131 
 1419          4131 
 1420          4131 
 1421          4131 
 1422          4131 
 1423          4134 
 1424          4134 
 1425          4134 
 1426          4134 
 1427          4134 
 1428          4137 
 1429          4137 
 1430          4137 
 1431          4137 
 1432          4137 
 1433          4140 
 1434          4140 
 1435          4140 
 1436          4140 
 1437          4140 
 1438          4140 
 1439          4143 
 1440          4143 
 1441          4143 
 1442          4143 
 1443          4143 
 1444          4146 
 1445          4146 
 1446          4146 
 1447          4146 
 1448          4146 
 1449          4149 
 1450          4149 
 1451          4149 
 1452          4149 
 1453          4149 
 1454          4152 
 1455          4152 
 1456          4152 
 1457          4152 
 1458          4152 
 1459          4155 
 1460          4155 
 1461          4155 
 1462          4155 
 1463          4155 
 1464          4158 
 1465          4158 
 1466          4158 
 1467          4158 
 1468          4161 
 1469          4161 
 1470          4161 
 1471          4161 
 1472          4161 
 1473          4164 
 1474          4164 
 1475          4164 
 1476          4164 
 1477          4164 
 1478          4167 
 1479          4167 
 1480          4167 
 1481          4167 
 1482          4167 
 1483          4170 
 1484          4170 
 1485          4170 
 1486          4170 
 1487          4170 
 1488          4170 
 1489          4173 
 1490          4173 
 1491          4173 
 1492          4173 
 1493          4173 
 1494          4176 
 1495          4176 
 1496          4176 
 1497          4176 
 1498          4176 
 1499          4176 
 1500          4176 
 1501          4179 
 1502          4179 
 1503          4179 
 1504          4179 
 1505          4182 
 1506          4182 
 1507          4182 
 1508          4182 
 1509          4182 
 1510          4182 
 1511          4182 
 1512          4185 
 1513          4185 
 1514          4185 
 1515          4185 
 1516          4185 
 1517          4188 
 1518          4188 
 1519          4188 
 1520          4188 
 1521          4188 
 1522          4188 
 1523          4191 
 1524          4191 
 1525          4191 
 1526          4191 
 1527          4191 
 1528          4191 
 1529          4194 
 1530          4194 
 1531          4194 
 1532          4194 
 1533          4194 
 1534          4197 
 1535          4197 
 1536          4197 
 1537          4197 
 1538          4197 
 1539          4197 
 1540          4197 
 1541          4200 
 1542          4200 
 1543          4200 
 1544          4200 
 1545          4200 
 1546          4203 
