U[V]          I[A]
-0.1          -2.95567765567764E-09 
-0.09          3.57753357753454E-11 
-0.08          1.80622710622711E-09 
-0.07         -4.23772893772894E-09 
-0.06          4.1871794871795E-09 
-0.05         -3.87142857142857E-09 
-0.04          1.37887667887668E-09 
-0.03          8.29426129426136E-10 
-0.02         -3.44407814407814E-09 
-0.01          4.24822954822957E-09 
-1.04083408558608E-17       -4.54297924297924E-09 
 9.99999999999999E-03        2.47777777777778E-09 
 0.02         -2.08424908424898E-10 
 0.03         -2.34517704517703E-09 
 0.04          4.12612942612944E-09 
 0.05         -4.35982905982906E-09 
 0.06          3.82087912087914E-09 
 0.07         -8.79975579975567E-10 
 0.08         -3.3052503052502E-10 
 0.09          4.79768009768011E-09 
 0.1          -2.28412698412697E-09 
 0.11          7.54493284493285E-09 
 0.12          2.53882783882784E-09 
 0.13          7.11758241758242E-09 
 0.14          1.34057387057387E-08 
 0.15          1.74350427350427E-08 
 0.16          2.13422466422466E-08 
 0.17          2.56157509157509E-08 
 0.18          3.33691086691087E-08 
 0.19          4.80211233211233E-08 
 0.2           7.27463980463981E-08 
 0.21          1.68952916205664E-07 
 0.22          2.88489055277822E-07 
 0.23          4.36901902103367E-07 
 0.24          6.12176802652993E-07 
 0.25          8.4453356736629E-07 
 0.26          1.16956441742767E-06 
 0.27          1.56363974804723E-06 
 0.28          2.34056989503464E-06 
 0.29          3.46280232957202E-06 
 0.3           4.84401147977187E-06 
 0.31          6.48419734563419E-06 
 0.32          8.61767219371074E-06 
 0.33          1.16469338691561E-05 
 0.34          1.50080483413817E-05 
 0.35          1.93469415691638E-05 
 0.36          2.50302805858362E-05 
 0.37          3.24247324247324E-05 
 0.38          4.12858523969635E-05 
 0.39          5.10636399525288E-05 
 0.4           6.2308095641429E-05 
 0.41          7.88692233136677E-05 
 0.42          9.52470174692397E-05 
 0.43          1.1402489180267E-04 
 0.44          1.38469360691583E-04 
 0.45          1.67802723358279E-04 
 0.46          2.05080538413872E-04 
 0.47          2.41747241747242E-04 
 0.48          2.85136174025063E-04 
 0.49          3.3402511180289E-04 
 0.5           3.92691837136282E-04 
 0.51          4.53803009358565E-04 
 0.52          5.30191974636419E-04 
 0.53          6.02303157858714E-04 
 0.54          7.04358815469927E-04 
 0.55          8.00914467581134E-04 
 0.56          8.97470119692342E-04 
 0.57          1.0300813634147E-03 
 0.58          1.14521367521368E-03 
 0.59          1.27952380952381E-03 
 0.6           1.42604395604396E-03 
 0.61          1.60308913308914E-03 
 0.62          1.80455433455434E-03 
 0.63          1.98159951159951E-03 
 0.64          2.17695970695971E-03 
 0.65          2.40284493284493E-03 
 0.66          2.67757020757021E-03 
 0.67          2.93398046398047E-03 
 0.68          3.25754578754579E-03 
 0.69          3.54448107448108E-03 
 0.7           3.9657264957265E-03 
 0.71          4.3686568986569E-03 
 0.72          4.7654822954823E-03 
 0.73          5.27830280830281E-03 
 0.74          5.86438339438339E-03 
 0.75          6.42604395604396E-03 
 0.76          7.10980463980464E-03 
 0.77          7.83630036630037E-03 
 0.78          8.69710622710623E-03 
 0.79          9.53959706959707E-03 
 0.8           1.04187179487179E-02 
 0.810000000000001           1.14521367521368E-02 
 0.820000000000001           1.26120879120879E-02 
 0.830000000000001           1.39551892551893E-02 
 0.840000000000001           1.50540903540904E-02 
 0.850000000000001           1.63361416361417E-02 
 0.860000000000001           1.77402930402931E-02 
 0.870000000000001           1.95107448107448E-02 
 0.880000000000001           2.07927960927961E-02 
 0.890000000000001           2.23800976800977E-02 
