U[V]          I[A]
-0.1          -1.40057387057387E-03 
-0.09         -1.40057387057387E-03 
-0.08         -1.39446886446886E-03 
-0.07         -1.39446886446886E-03 
-0.06         -1.40057387057387E-03 
-0.05         -1.39446886446886E-03 
-0.04         -1.39446886446886E-03 
-0.03         -1.39446886446886E-03 
-0.02         -1.39446886446886E-03 
-0.01         -1.39446886446886E-03 
-1.04083408558608E-17       -1.38836385836386E-03 
 9.99999999999999E-03       -1.38836385836386E-03 
 0.02         -1.38836385836386E-03 
 0.03         -1.38836385836386E-03 
 0.04         -1.38225885225885E-03 
 0.05         -1.38836385836386E-03 
 0.06         -1.38225885225885E-03 
 0.07         -1.38225885225885E-03 
 0.08         -1.37615384615384E-03 
 0.09         -1.37615384615384E-03 
 0.1          -1.37615384615384E-03 
 0.11         -1.37004884004884E-03 
 0.12         -1.36394383394383E-03 
 0.13         -1.37004884004884E-03 
 0.14         -1.36394383394383E-03 
 0.15         -1.36394383394383E-03 
 0.16         -1.35783882783883E-03 
 0.17         -1.35783882783883E-03 
 0.18         -1.35173382173382E-03 
 0.19         -1.35173382173382E-03 
 0.2          -1.33952380952381E-03 
 0.21         -1.34562881562881E-03 
 0.22         -1.33952380952381E-03 
 0.23         -1.3334188034188E-03 
 0.24         -1.3273137973138E-03 
 0.25         -1.32120879120879E-03 
 0.26         -1.32120879120879E-03 
 0.27         -1.30899877899878E-03 
 0.28         -1.30289377289377E-03 
 0.29         -1.29678876678877E-03 
 0.3          -1.28457875457875E-03 
 0.31         -1.27847374847375E-03 
 0.32         -1.26626373626374E-03 
 0.33         -1.25405372405372E-03 
 0.34         -1.2357387057387E-03 
 0.35         -1.21742368742369E-03 
 0.36         -1.19300366300366E-03 
 0.37         -1.18079365079365E-03 
 0.38         -1.15026862026862E-03 
 0.39         -1.11974358974359E-03 
 0.4          -1.08921855921856E-03 
 0.41         -1.04648351648352E-03 
 0.42         -1.00430955986512E-03 
 0.43         -9.52365063476174E-04 
 0.44         -8.94309449865005E-04 
 0.45         -8.36253836253836E-04 
 0.46         -7.69031546809324E-04 
 0.47         -7.00587033920367E-04 
 0.48         -6.13809169364725E-04 
 0.49         -5.23975746197968E-04 
 0.5          -4.30475652697875E-04 
 0.51         -3.3880889436445E-04 
 0.52         -2.17808773364329E-04 
 0.53         -9.43642054753164E-05 
 0.54          9.92488799657845E-06 
 0.55          1.40913807580474E-04 
 0.56          2.888028443584E-04 
 0.57          4.46469668691891E-04 
 0.58          6.20636509525399E-04 
 0.59          7.72192216636661E-04 
 0.6           9.55525733303511E-04 
 0.61          1.13300366300366E-03 
 0.62          1.38330891330891E-03 
 0.63          1.57866910866911E-03 
 0.64          1.82897435897436E-03 
 0.65          2.0670695970696E-03 
 0.66          2.39673992673993E-03 
 0.67          2.65925518925519E-03 
 0.68          2.98892551892552E-03 
 0.69          3.34301587301587E-03 
 0.7           3.7703663003663E-03 
 0.71          4.16108669108669E-03 
 0.72          4.61896214896215E-03 
 0.73          5.19283272283272E-03 
 0.74          5.82164835164835E-03 
 0.75          6.38941391941392E-03 
 0.76          7.03043956043956E-03 
 0.77          7.83019536019536E-03 
 0.78          8.74594627594628E-03 
 0.79          9.60064713064713E-03 
 0.8           0.010485873015873 
 0.810000000000001           1.15131868131868E-02 
 0.820000000000001           1.29173382173382E-02 
 0.830000000000001           1.38941391941392E-02 
 0.840000000000001           1.52982905982906E-02 
 0.850000000000001           1.65803418803419E-02 
 0.860000000000001           1.82897435897436E-02 
 0.870000000000001           1.94496947496948E-02 
 0.880000000000001           2.10369963369963E-02 
 0.890000000000001           0.022685347985348 
