U          I
-0.1          -2.38274725274725E-03 
-0.09         -2.40789987789988E-03 
-0.08         -2.40179487179487E-03 
-0.07         -2.39568986568987E-03 
-0.06         -2.40179487179487E-03 
-0.05         -2.39568986568987E-03 
-0.04         -2.38958485958486E-03 
-0.03         -2.38958485958486E-03 
-0.02         -2.38347985347985E-03 
-0.01         -2.38347985347985E-03 
-1.04083408558608E-17       -2.38347985347985E-03 
 9.99999999999999E-03       -2.37737484737485E-03 
 0.02         -2.37126984126984E-03 
 0.03         -2.37126984126984E-03 
 0.04         -2.36516483516483E-03 
 0.05         -2.35905982905983E-03 
 0.06         -2.35905982905983E-03 
 0.07         -2.35295482295482E-03 
 0.08         -2.34684981684982E-03 
 0.09         -2.34684981684982E-03 
 0.1          -2.34074481074481E-03 
 0.11         -2.34074481074481E-03 
 0.12         -2.3346398046398E-03 
 0.13         -2.3285347985348E-03 
 0.14         -2.32242979242979E-03 
 0.15         -2.32242979242979E-03 
 0.16         -2.31632478632479E-03 
 0.17         -2.30411477411477E-03 
 0.18         -2.30411477411477E-03 
 0.19         -2.29190476190476E-03 
 0.2          -2.28579975579976E-03 
 0.21         -2.27358974358974E-03 
 0.22         -2.26748473748474E-03 
 0.23         -2.25527472527473E-03 
 0.24         -2.24916971916972E-03 
 0.25         -2.2308547008547E-03 
 0.26         -2.21253968253968E-03 
 0.27         -2.19422466422466E-03 
 0.28         -2.17590964590964E-03 
 0.29         -2.15759462759463E-03 
 0.3          -2.1331746031746E-03 
 0.31         -2.10264957264957E-03 
 0.32         -2.06601953601953E-03 
 0.33         -2.0354945054945E-03 
 0.34         -1.99275946275946E-03 
 0.35         -1.94391941391941E-03 
 0.36         -1.89507936507936E-03 
 0.37         -1.84013431013431E-03 
 0.38         -1.78518925518925E-03 
 0.39         -1.71803418803419E-03 
 0.4          -1.65698412698413E-03 
 0.41         -1.56540903540903E-03 
 0.42         -1.49214896214896E-03 
 0.43         -1.40057387057387E-03 
 0.44         -1.30289377289377E-03 
 0.45         -1.19300366300366E-03 
 0.46         -1.10753357753358E-03 
 0.47         -9.92698437142882E-04 
 0.48         -8.66198310642755E-04 
 0.49         -7.40920407587074E-04 
 0.5          -5.86309141864697E-04 
 0.51         -4.70197914642359E-04 
 0.52         -3.18031095808873E-04 
 0.53         -1.62808718364274E-04 
 0.54         -1.2655415164278E-05 
 0.55          1.57413824080491E-04 
 0.56          3.46858457969569E-04 
 0.57          5.24691969136414E-04 
 0.58          7.30025507803286E-04 
 0.59          9.54303509859066E-04 
 0.6           1.15742368742369E-03 
 0.61          1.38330891330891E-03 
 0.62          1.62750915750916E-03 
 0.63          1.90833943833944E-03 
 0.64          2.21358974358975E-03 
 0.65          2.52494505494506E-03 
 0.66          2.84240537240537E-03 
 0.67          3.22091575091575E-03 
 0.68          3.63605616605617E-03 
 0.69          4.03288156288157E-03 
 0.7           4.49686202686203E-03 
 0.71          4.95473748473749E-03 
 0.72          5.62628815628816E-03 
 0.73          6.1696336996337E-03 
 0.74          6.84118437118437E-03 
 0.75          7.6653601953602E-03 
 0.76          8.39796092796093E-03 
 0.77          9.14887667887668E-03 
 0.78          1.01073626373626E-02 
 0.79          1.12689865689866E-02 
 0.8           1.23068376068376E-02 
 0.810000000000001           1.33446886446887E-02 
 0.820000000000001           1.45046398046398E-02 
 0.830000000000001           0.015725641025641 
 0.840000000000001           1.73129426129426E-02 
 0.850000000000001           1.84728937728938E-02 
 0.860000000000001           1.98159951159951E-02 
 0.870000000000001           2.13422466422466E-02 
 0.880000000000001           2.31737484737485E-02 
 0.890000000000001           2.46389499389499E-02 
