U          I
-0.1          -7.6169820614265E-04 
-0.09         -7.6169820614265E-04 
-0.08         -7.61087094420428E-04 
-0.07         -7.6169820614265E-04 
-0.06         -7.6169820614265E-04 
-0.05         -7.6169820614265E-04 
-0.04         -7.6169820614265E-04 
-0.03         -7.61087094420428E-04 
-0.02         -7.61087094420428E-04 
-0.01         -7.61087094420428E-04 
-1.04083408558608E-17       -7.61087094420428E-04 
 9.99999999999999E-03       -7.61087094420428E-04 
 0.02         -7.60475982698205E-04 
 0.03         -7.58031535809313E-04 
 0.04         -7.58031535809313E-04 
 0.05         -7.57420424087091E-04 
 0.06         -7.57420424087091E-04 
 0.07         -7.56809312364868E-04 
 0.08         -7.56198200642645E-04 
 0.09         -7.55587088920422E-04 
 0.1          -7.54975977198199E-04 
 0.11         -7.54364865475976E-04 
 0.12         -7.53753753753754E-04 
 0.13         -7.52531530309308E-04 
 0.14         -7.51920418587085E-04 
 0.15         -7.50087083420417E-04 
 0.16         -7.48864859975971E-04 
 0.17         -7.47031524809302E-04 
 0.18         -7.45809301364857E-04 
 0.19         -7.43975966198188E-04 
 0.2          -7.4214263103152E-04 
 0.21         -7.39698184142629E-04 
 0.22         -7.37253737253737E-04 
 0.23         -7.34809290364846E-04 
 0.24         -7.31142620031509E-04 
 0.25         -7.27475949698172E-04 
 0.26         -7.2503150280928E-04 
 0.27         -7.21975944198166E-04 
 0.28         -7.17698162142607E-04 
 0.29         -7.10364821475933E-04 
 0.3          -7.0547592769815E-04 
 0.31         -6.99975922198144E-04 
 0.32         -6.93253693253693E-04 
 0.33         -6.82253682253682E-04 
 0.34         -6.76753676753677E-04 
 0.35         -6.65142554031443E-04 
 0.36         -6.52920319586986E-04 
 0.37         -6.37642526531415E-04 
 0.38         -6.16253616253616E-04 
 0.39         -5.99142488031377E-04 
 0.4          -5.80198024642469E-04 
 0.41         -5.52697997142442E-04 
 0.42         -5.22753522753523E-04 
 0.43         -4.8547570769793E-04 
 0.44         -4.49420116086783E-04 
 0.45         -4.02364513475624E-04 
 0.46         -3.57142246031135E-04 
 0.47         -2.90531068308846E-04 
 0.48         -2.41031018808797E-04 
 0.49         -1.5119759564204E-04 
 0.5          -8.71698316142761E-05 
 0.51         -3.8132101580879E-06 
 0.52          8.42470064692287E-05 
 0.53          1.80636069524959E-04 
 0.54          3.06525084302862E-04 
 0.55          4.20191864636309E-04 
 0.56          5.57692002136447E-04 
 0.57          6.84192128636573E-04 
 0.58          8.24747824747825E-04 
 0.59          1.00624800624801E-03 
 0.6           1.15742368742369E-03 
 0.61          1.34057387057387E-03 
 0.62          1.54203907203907E-03 
 0.63          1.75571428571429E-03 
 0.64          1.97549450549451E-03 
 0.65          2.21358974358975E-03 
 0.66          2.48831501831502E-03 
 0.67          2.79967032967033E-03 
 0.68          3.09271062271062E-03 
 0.69          3.44680097680098E-03 
 0.7           3.81920634920635E-03 
 0.71          4.2709768009768E-03 
 0.72          4.74106227106227E-03 
 0.73          5.20504273504274E-03 
 0.74          5.74228327228327E-03 
 0.75          6.43825396825397E-03 
 0.76          7.08538461538462E-03 
 0.77          7.77525030525031E-03 
 0.78          8.62995115995116E-03 
 0.79          9.55791208791209E-03 
 0.8           1.05835531135531E-02 
 0.810000000000001           1.15131868131868E-02 
 0.820000000000001           0.012673137973138 
 0.830000000000001           1.38330891330891E-02 
 0.840000000000001           1.52372405372405E-02 
 0.850000000000001           1.65192918192918E-02 
 0.860000000000001           1.78013431013431E-02 
 0.870000000000001           1.92665445665446E-02 
 0.880000000000001           2.11590964590965E-02 
 0.890000000000001           2.25632478632479E-02 
