U          I
-0.1          -3.96864507975619E-04 
-0.09         -3.97475619697842E-04 
-0.08         -3.96864507975619E-04 
-0.07         -3.96864507975619E-04 
-0.06         -3.96253396253396E-04 
-0.05         -3.96253396253396E-04 
-0.04         -3.96253396253396E-04 
-0.03         -3.96253396253396E-04 
-0.02         -3.96864507975619E-04 
-0.01         -3.96864507975619E-04 
-1.04083408558608E-17       -3.96253396253396E-04 
 9.99999999999999E-03       -3.96864507975619E-04 
 0.02         -3.96253396253396E-04 
 0.03         -3.96253396253396E-04 
 0.04         -3.96253396253396E-04 
 0.05         -3.96253396253396E-04 
 0.06         -3.96253396253396E-04 
 0.07         -3.96253396253396E-04 
 0.08         -3.95642284531173E-04 
 0.09         -3.96253396253396E-04 
 0.1          -3.95642284531173E-04 
 0.11         -3.95642284531173E-04 
 0.12         -3.95642284531173E-04 
 0.13         -3.95642284531173E-04 
 0.14         -3.95642284531173E-04 
 0.15         -3.95031172808951E-04 
 0.16         -3.94420061086728E-04 
 0.17         -3.94420061086728E-04 
 0.18         -3.93197837642282E-04 
 0.19         -3.93197837642282E-04 
 0.2          -3.91975614197836E-04 
 0.21         -3.91364502475613E-04 
 0.22         -3.90142279031168E-04 
 0.23         -3.88920055586722E-04 
 0.24         -3.87086720420054E-04 
 0.25         -3.85253385253385E-04 
 0.26         -3.82808938364494E-04 
 0.27         -3.80975603197825E-04 
 0.28         -3.77920044586711E-04 
 0.29         -3.7547559769782E-04 
 0.3          -3.72420039086706E-04 
 0.31         -3.68142257031146E-04 
 0.32         -3.6264225153114E-04 
 0.33         -3.55920022586689E-04 
 0.34         -3.50420017086684E-04 
 0.35         -3.40642229531118E-04 
 0.36         -3.3025333025333E-04 
 0.37         -3.20475542697765E-04 
 0.38         -3.09475531697754E-04 
 0.39         -2.94197738642183E-04 
 0.4          -2.77697722142167E-04 
 0.41         -2.54475476697699E-04 
 0.42         -2.34919901586568E-04 
 0.43         -2.03753203753204E-04 
 0.44         -1.68308723864279E-04 
 0.45         -1.35919802586469E-04 
 0.46         -9.90865101976213E-05 
 0.47         -4.95253495253495E-05 
 0.48          2.63654328436318E-06 
 0.49          6.8785879896991E-05 
 0.5           1.32358243469355E-04 
 0.51          2.24636113525003E-04 
 0.52          2.98580631913965E-04 
 0.53          3.86580719914053E-04 
 0.54          4.89247489247489E-04 
 0.55          5.91914258580925E-04 
 0.56          7.02525480303258E-04 
 0.57          8.41858952970064E-04 
 0.58          9.78747978747979E-04 
 0.59          1.12689865689866E-03 
 0.6           1.28562881562882E-03 
 0.61          1.45656898656899E-03 
 0.62          1.6702442002442E-03 
 0.63          1.85949938949939E-03 
 0.64          2.08538461538462E-03 
 0.65          2.32347985347986E-03 
 0.66          2.59820512820513E-03 
 0.67          2.8668253968254E-03 
 0.68          3.15986568986569E-03 
 0.69          3.50785103785104E-03 
 0.7           3.91078144078144E-03 
 0.71          4.30150183150183E-03 
 0.72          4.7715873015873E-03 
 0.73          5.25998778998779E-03 
 0.74          5.85217338217338E-03 
 0.75          6.40772893772894E-03 
 0.76          7.10369963369963E-03 
 0.77          7.95229548229548E-03 
 0.78          8.72152625152625E-03 
 0.79          9.54570207570208E-03 
 0.8           1.05652380952381E-02 
 0.810000000000001           1.14521367521368E-02 
 0.820000000000001           1.28562881562882E-02 
 0.830000000000001           1.38941391941392E-02 
 0.840000000000001           1.51151404151404E-02 
 0.850000000000001           1.63971916971917E-02 
 0.860000000000001           1.81065934065934E-02 
 0.870000000000001           1.92665445665446E-02 
 0.880000000000001           2.07927960927961E-02 
 0.890000000000001           2.23800976800977E-02 
