U	I
-6.0	-1.53e-06
-5.99	-1.53e-06
-5.98	-1.53e-06
-5.97	-1.52e-06
-5.96	-1.52e-06
-5.95	-1.52e-06
-5.94	-1.52e-06
-5.93	-1.52e-06
-5.92	-1.52e-06
-5.91	-1.52e-06
-5.9	-1.52e-06
-5.89	-1.52e-06
-5.88	-1.51e-06
-5.87	-1.51e-06
-5.86	-1.51e-06
-5.85	-1.51e-06
-5.84	-1.51e-06
-5.83	-1.51e-06
-5.82	-1.51e-06
-5.81	-1.51e-06
-5.8	-1.51e-06
-5.79	-1.51e-06
-5.78	-1.51e-06
-5.77	-1.5e-06
-5.76000000000001	-1.5e-06
-5.75000000000001	-1.5e-06
-5.74000000000001	-1.5e-06
-5.73000000000001	-1.5e-06
-5.72000000000001	-1.5e-06
-5.71000000000001	-1.5e-06
-5.70000000000001	-1.5e-06
-5.69000000000001	-1.5e-06
-5.68000000000001	-1.49e-06
-5.67000000000001	-1.49e-06
-5.66000000000001	-1.49e-06
-5.65000000000001	-1.49e-06
-5.64000000000001	-1.49e-06
-5.63000000000001	-1.49e-06
-5.62000000000001	-1.49e-06
-5.61000000000001	-1.49e-06
-5.60000000000001	-1.49e-06
-5.59000000000001	-1.48e-06
-5.58000000000001	-1.49e-06
-5.57000000000001	-1.48e-06
-5.56000000000001	-1.48e-06
-5.55000000000001	-1.48e-06
-5.54000000000001	-1.48e-06
-5.53000000000001	-1.48e-06
-5.52000000000001	-1.48e-06
-5.51000000000001	-1.48e-06
-5.50000000000001	-1.48e-06
-5.49000000000001	-1.48e-06
-5.48000000000001	-1.47e-06
-5.47000000000001	-1.47e-06
-5.46000000000001	-1.47e-06
-5.45000000000001	-1.47e-06
-5.44000000000001	-1.47e-06
-5.43000000000001	-1.47e-06
-5.42000000000001	-1.47e-06
-5.41000000000001	-1.47e-06
-5.40000000000001	-1.47e-06
-5.39000000000001	-1.46e-06
-5.38000000000001	-1.46e-06
-5.37000000000001	-1.46e-06
-5.36000000000001	-1.46e-06
-5.35000000000001	-1.46e-06
-5.34000000000001	-1.46e-06
-5.33000000000001	-1.46e-06
-5.32000000000001	-1.46e-06
-5.31000000000001	-1.46e-06
-5.30000000000001	-1.45e-06
-5.29000000000002	-1.46e-06
-5.28000000000002	-1.45e-06
-5.27000000000002	-1.45e-06
-5.26000000000002	-1.45e-06
-5.25000000000002	-1.45e-06
-5.24000000000002	-1.45e-06
-5.23000000000002	-1.45e-06
-5.22000000000002	-1.45e-06
-5.21000000000002	-1.44e-06
-5.20000000000002	-1.45e-06
-5.19000000000002	-1.45e-06
-5.18000000000002	-1.44e-06
-5.17000000000002	-1.44e-06
-5.16000000000002	-1.44e-06
-5.15000000000002	-1.44e-06
-5.14000000000002	-1.44e-06
-5.13000000000002	-1.44e-06
-5.12000000000002	-1.44e-06
-5.11000000000002	-1.44e-06
-5.10000000000002	-1.43e-06
-5.09000000000002	-1.43e-06
-5.08000000000002	-1.44e-06
-5.07000000000002	-1.43e-06
-5.06000000000002	-1.43e-06
-5.05000000000002	-1.43e-06
-5.04000000000002	-1.43e-06
-5.03000000000002	-1.43e-06
-5.02000000000002	-1.43e-06
-5.01000000000002	-1.43e-06
-5.00000000000002	-1.43e-06
-4.99000000000002	-1.42e-06
-4.98000000000002	-1.42e-06
-4.97000000000002	-1.42e-06
-4.96000000000002	-1.42e-06
-4.95000000000002	-1.42e-06
-4.94000000000002	-1.42e-06
-4.93000000000002	-1.42e-06
-4.92000000000002	-1.42e-06
-4.91000000000002	-1.42e-06
-4.90000000000002	-1.42e-06
-4.89000000000002	-1.41e-06
-4.88000000000002	-1.42e-06
-4.87000000000002	-1.41e-06
-4.86000000000002	-1.41e-06
-4.85000000000002	-1.41e-06
-4.84000000000002	-1.41e-06
-4.83000000000002	-1.41e-06
-4.82000000000003	-1.41e-06
-4.81000000000003	-1.41e-06
-4.80000000000003	-1.41e-06
-4.79000000000003	-1.41e-06
-4.78000000000003	-1.4e-06
-4.77000000000003	-1.4e-06
-4.76000000000003	-1.4e-06
-4.75000000000003	-1.4e-06
-4.74000000000003	-1.4e-06
-4.73000000000003	-1.4e-06
-4.72000000000003	-1.4e-06
-4.71000000000003	-1.4e-06
-4.70000000000003	-1.39e-06
-4.69000000000003	-1.39e-06
-4.68000000000003	-1.39e-06
-4.67000000000003	-1.39e-06
-4.66000000000003	-1.39e-06
-4.65000000000003	-1.39e-06
-4.64000000000003	-1.39e-06
-4.63000000000003	-1.39e-06
-4.62000000000003	-1.39e-06
-4.61000000000003	-1.39e-06
-4.60000000000003	-1.38e-06
-4.59000000000003	-1.39e-06
-4.58000000000003	-1.38e-06
-4.57000000000003	-1.38e-06
-4.56000000000003	-1.38e-06
-4.55000000000003	-1.38e-06
-4.54000000000003	-1.38e-06
-4.53000000000003	-1.38e-06
-4.52000000000003	-1.38e-06
-4.51000000000003	-1.37e-06
-4.50000000000003	-1.37e-06
-4.49000000000003	-1.37e-06
-4.48000000000003	-1.37e-06
-4.47000000000003	-1.37e-06
-4.46000000000003	-1.37e-06
-4.45000000000003	-1.37e-06
-4.44000000000003	-1.37e-06
-4.43000000000003	-1.36e-06
-4.42000000000003	-1.37e-06
-4.41000000000003	-1.36e-06
-4.40000000000003	-1.36e-06
-4.39000000000003	-1.36e-06
-4.38000000000003	-1.36e-06
-4.37000000000003	-1.36e-06
-4.36000000000004	-1.36e-06
-4.35000000000004	-1.36e-06
-4.34000000000004	-1.36e-06
-4.33000000000004	-1.36e-06
-4.32000000000004	-1.36e-06
-4.31000000000004	-1.35e-06
-4.30000000000004	-1.35e-06
-4.29000000000004	-1.35e-06
-4.28000000000004	-1.35e-06
-4.27000000000004	-1.35e-06
-4.26000000000004	-1.35e-06
-4.25000000000004	-1.35e-06
-4.24000000000004	-1.35e-06
-4.23000000000004	-1.34e-06
-4.22000000000004	-1.34e-06
-4.21000000000004	-1.34e-06
-4.20000000000004	-1.34e-06
-4.19000000000004	-1.34e-06
-4.18000000000004	-1.34e-06
-4.17000000000004	-1.34e-06
-4.16000000000004	-1.34e-06
-4.15000000000004	-1.34e-06
-4.14000000000004	-1.33e-06
-4.13000000000004	-1.34e-06
-4.12000000000004	-1.33e-06
-4.11000000000004	-1.33e-06
-4.10000000000004	-1.33e-06
-4.09000000000004	-1.33e-06
-4.08000000000004	-1.33e-06
-4.07000000000004	-1.33e-06
-4.06000000000004	-1.33e-06
-4.05000000000004	-1.33e-06
-4.04000000000004	-1.33e-06
-4.03000000000004	-1.32e-06
-4.02000000000004	-1.32e-06
-4.01000000000004	-1.32e-06
-4.00000000000004	-1.32e-06
-3.99000000000004	-1.32e-06
-3.98000000000004	-1.32e-06
-3.97000000000004	-1.32e-06
-3.96000000000004	-1.32e-06
-3.95000000000004	-1.32e-06
-3.94000000000004	-1.31e-06
-3.93000000000004	-1.31e-06
-3.92000000000004	-1.31e-06
-3.91000000000004	-1.31e-06
-3.90000000000004	-1.31e-06
-3.89000000000005	-1.31e-06
-3.88000000000005	-1.3e-06
-3.87000000000005	-1.31e-06
-3.86000000000005	-1.3e-06
-3.85000000000005	-1.3e-06
-3.84000000000005	-1.3e-06
-3.83000000000005	-1.3e-06
-3.82000000000005	-1.3e-06
-3.81000000000005	-1.3e-06
-3.80000000000005	-1.3e-06
-3.79000000000005	-1.3e-06
-3.78000000000005	-1.3e-06
-3.77000000000005	-1.29e-06
-3.76000000000005	-1.29e-06
-3.75000000000005	-1.29e-06
-3.74000000000005	-1.29e-06
-3.73000000000005	-1.29e-06
-3.72000000000005	-1.29e-06
-3.71000000000005	-1.29e-06
-3.70000000000005	-1.29e-06
-3.69000000000005	-1.29e-06
-3.68000000000005	-1.28e-06
-3.67000000000005	-1.28e-06
-3.66000000000005	-1.28e-06
-3.65000000000005	-1.28e-06
-3.64000000000005	-1.28e-06
-3.63000000000005	-1.28e-06
-3.62000000000005	-1.28e-06
-3.61000000000005	-1.28e-06
-3.60000000000005	-1.28e-06
-3.59000000000005	-1.27e-06
-3.58000000000005	-1.28e-06
-3.57000000000005	-1.27e-06
-3.56000000000005	-1.27e-06
-3.55000000000005	-1.27e-06
-3.54000000000005	-1.27e-06
-3.53000000000005	-1.27e-06
-3.52000000000005	-1.27e-06
-3.51000000000005	-1.26e-06
-3.50000000000005	-1.26e-06
-3.49000000000005	-1.26e-06
-3.48000000000005	-1.26e-06
-3.47000000000005	-1.26e-06
-3.46000000000005	-1.26e-06
-3.45000000000005	-1.26e-06
-3.44000000000005	-1.26e-06
-3.43000000000005	-1.26e-06
-3.42000000000006	-1.25e-06
-3.41000000000006	-1.25e-06
-3.40000000000006	-1.25e-06
-3.39000000000006	-1.25e-06
-3.38000000000006	-1.25e-06
-3.37000000000006	-1.25e-06
-3.36000000000006	-1.25e-06
-3.35000000000006	-1.25e-06
-3.34000000000006	-1.25e-06
-3.33000000000006	-1.24e-06
-3.32000000000006	-1.25e-06
-3.31000000000006	-1.24e-06
-3.30000000000006	-1.24e-06
-3.29000000000006	-1.24e-06
-3.28000000000006	-1.24e-06
-3.27000000000006	-1.24e-06
-3.26000000000006	-1.24e-06
-3.25000000000006	-1.24e-06
-3.24000000000006	-1.23e-06
-3.23000000000006	-1.24e-06
-3.22000000000006	-1.23e-06
-3.21000000000006	-1.23e-06
-3.20000000000006	-1.23e-06
-3.19000000000006	-1.23e-06
-3.18000000000006	-1.23e-06
-3.17000000000006	-1.23e-06
-3.16000000000006	-1.22e-06
-3.15000000000006	-1.22e-06
-3.14000000000006	-1.22e-06
-3.13000000000006	-1.22e-06
-3.12000000000006	-1.22e-06
-3.11000000000006	-1.22e-06
-3.10000000000006	-1.22e-06
-3.09000000000006	-1.22e-06
-3.08000000000006	-1.22e-06
-3.07000000000006	-1.21e-06
-3.06000000000006	-1.21e-06
-3.05000000000006	-1.21e-06
-3.04000000000006	-1.21e-06
-3.03000000000006	-1.21e-06
-3.02000000000006	-1.21e-06
-3.01000000000006	-1.2e-06
-3.00000000000006	-1.21e-06
-2.99000000000006	-1.2e-06
-2.98000000000006	-1.2e-06
-2.97000000000006	-1.2e-06
-2.96000000000006	-1.2e-06
-2.95000000000007	-1.2e-06
-2.94000000000007	-1.2e-06
-2.93000000000007	-1.2e-06
-2.92000000000007	-1.19e-06
-2.91000000000007	-1.2e-06
-2.90000000000007	-1.19e-06
-2.89000000000007	-1.19e-06
-2.88000000000007	-1.19e-06
-2.87000000000007	-1.19e-06
-2.86000000000007	-1.19e-06
-2.85000000000007	-1.19e-06
-2.84000000000007	-1.18e-06
-2.83000000000007	-1.18e-06
-2.82000000000007	-1.18e-06
-2.81000000000007	-1.18e-06
-2.80000000000007	-1.18e-06
-2.79000000000007	-1.18e-06
-2.78000000000007	-1.18e-06
-2.77000000000007	-1.18e-06
-2.76000000000007	-1.17e-06
-2.75000000000007	-1.17e-06
-2.74000000000007	-1.17e-06
-2.73000000000007	-1.17e-06
-2.72000000000007	-1.17e-06
-2.71000000000007	-1.17e-06
-2.70000000000007	-1.17e-06
-2.69000000000007	-1.16e-06
-2.68000000000007	-1.16e-06
-2.67000000000007	-1.16e-06
-2.66000000000007	-1.16e-06
-2.65000000000007	-1.16e-06
-2.64000000000007	-1.16e-06
-2.63000000000007	-1.16e-06
-2.62000000000007	-1.16e-06
-2.61000000000007	-1.15e-06
-2.60000000000007	-1.15e-06
-2.59000000000007	-1.15e-06
-2.58000000000007	-1.15e-06
-2.57000000000007	-1.15e-06
-2.56000000000007	-1.15e-06
-2.55000000000007	-1.15e-06
-2.54000000000007	-1.15e-06
-2.53000000000007	-1.14e-06
-2.52000000000007	-1.14e-06
-2.51000000000007	-1.14e-06
-2.50000000000007	-1.14e-06
-2.49000000000007	-1.14e-06
-2.48000000000008	-1.14e-06
-2.47000000000008	-1.14e-06
-2.46000000000008	-1.13e-06
-2.45000000000008	-1.14e-06
-2.44000000000008	-1.13e-06
-2.43000000000008	-1.13e-06
-2.42000000000008	-1.13e-06
-2.41000000000008	-1.13e-06
-2.40000000000008	-1.13e-06
-2.39000000000008	-1.13e-06
-2.38000000000008	-1.13e-06
-2.37000000000008	-1.13e-06
-2.36000000000008	-1.13e-06
-2.35000000000008	-1.12e-06
-2.34000000000008	-1.12e-06
-2.33000000000008	-1.12e-06
-2.32000000000008	-1.12e-06
-2.31000000000008	-1.12e-06
-2.30000000000008	-1.12e-06
-2.29000000000008	-1.11e-06
-2.28000000000008	-1.11e-06
-2.27000000000008	-1.11e-06
-2.26000000000008	-1.11e-06
-2.25000000000008	-1.11e-06
-2.24000000000008	-1.11e-06
-2.23000000000008	-1.11e-06
-2.22000000000008	-1.11e-06
-2.21000000000008	-1.1e-06
-2.20000000000008	-1.1e-06
-2.19000000000008	-1.1e-06
-2.18000000000008	-1.1e-06
-2.17000000000008	-1.1e-06
-2.16000000000008	-1.1e-06
-2.15000000000008	-1.1e-06
-2.14000000000008	-1.1e-06
-2.13000000000008	-1.1e-06
-2.12000000000008	-1.09e-06
-2.11000000000008	-1.09e-06
-2.10000000000008	-1.09e-06
-2.09000000000008	-1.09e-06
-2.08000000000008	-1.09e-06
-2.07000000000008	-1.09e-06
-2.06000000000008	-1.08e-06
-2.05000000000008	-1.08e-06
-2.04000000000008	-1.08e-06
-2.03000000000008	-1.08e-06
-2.02000000000008	-1.08e-06
-2.01000000000009	-1.08e-06
-2.00000000000009	-1.08e-06
-1.99000000000009	-1.08e-06
-1.98000000000009	-1.08e-06
-1.97000000000009	-1.07e-06
-1.96000000000009	-1.07e-06
-1.95000000000009	-1.07e-06
-1.94000000000009	-1.07e-06
-1.93000000000009	-1.07e-06
-1.92000000000009	-1.07e-06
-1.91000000000009	-1.06e-06
-1.90000000000009	-1.07e-06
-1.89000000000009	-1.06e-06
-1.88000000000009	-1.06e-06
-1.87000000000009	-1.06e-06
-1.86000000000009	-1.06e-06
-1.85000000000009	-1.06e-06
-1.84000000000009	-1.06e-06
-1.83000000000009	-1.06e-06
-1.82000000000009	-1.05e-06
-1.81000000000009	-1.05e-06
-1.80000000000009	-1.05e-06
-1.79000000000009	-1.05e-06
-1.78000000000009	-1.05e-06
-1.77000000000009	-1.05e-06
-1.76000000000009	-1.05e-06
-1.75000000000009	-1.05e-06
-1.74000000000009	-1.05e-06
-1.73000000000009	-1.04e-06
-1.72000000000009	-1.04e-06
-1.71000000000009	-1.04e-06
-1.70000000000009	-1.04e-06
-1.69000000000008	-1.04e-06
-1.68000000000008	-1.04e-06
-1.67000000000008	-1.04e-06
-1.66000000000008	-1.03e-06
-1.65000000000008	-1.03e-06
-1.64000000000008	-1.03e-06
-1.63000000000008	-1.03e-06
-1.62000000000008	-1.03e-06
-1.61000000000008	-1.03e-06
-1.60000000000008	-1.03e-06
-1.59000000000008	-1.02e-06
-1.58000000000008	-1.02e-06
-1.57000000000008	-1.02e-06
-1.56000000000008	-1.02e-06
-1.55000000000008	-1.02e-06
-1.54000000000008	-1.02e-06
-1.53000000000008	-1.02e-06
-1.52000000000008	-1.02e-06
-1.51000000000008	-1.01e-06
-1.50000000000008	-1.01e-06
-1.49000000000008	-1.01e-06
-1.48000000000008	-1.01e-06
-1.47000000000008	-1.01e-06
-1.46000000000008	-1.01e-06
-1.45000000000008	-1e-06
-1.44000000000008	-1e-06
-1.43000000000008	-1e-06
-1.42000000000008	-1e-06
-1.41000000000008	-1e-06
-1.40000000000008	-1e-06
-1.39000000000008	-9.9e-07
-1.38000000000008	-9.9e-07
-1.37000000000008	-9.9e-07
-1.36000000000008	-9.9e-07
-1.35000000000008	-9.9e-07
-1.34000000000008	-9.9e-07
-1.33000000000008	-9.9e-07
-1.32000000000008	-9.9e-07
-1.31000000000008	-9.8e-07
-1.30000000000008	-9.8e-07
-1.29000000000008	-9.8e-07
-1.28000000000008	-9.8e-07
-1.27000000000008	-9.8e-07
-1.26000000000008	-9.8e-07
-1.25000000000008	-9.7e-07
-1.24000000000008	-9.7e-07
-1.23000000000008	-9.7e-07
-1.22000000000008	-9.7e-07
-1.21000000000008	-9.7e-07
-1.20000000000008	-9.7e-07
-1.19000000000008	-9.6e-07
-1.18000000000008	-9.6e-07
-1.17000000000008	-9.6e-07
-1.16000000000008	-9.6e-07
-1.15000000000008	-9.6e-07
-1.14000000000008	-9.6e-07
-1.13000000000008	-9.5e-07
-1.12000000000008	-9.5e-07
-1.11000000000008	-9.5e-07
-1.10000000000008	-9.5e-07
-1.09000000000008	-9.5e-07
-1.08000000000008	-9.5e-07
-1.07000000000008	-9.5e-07
-1.06000000000008	-9.5e-07
-1.05000000000008	-9.4e-07
-1.04000000000008	-9.4e-07
-1.03000000000008	-9.4e-07
-1.02000000000008	-9.4e-07
-1.01000000000008	-9.4e-07
-1.00000000000008	-9.4e-07
-0.990000000000084	-9.3e-07
-0.980000000000084	-9.3e-07
-0.970000000000084	-9.3e-07
-0.960000000000084	-9.2e-07
-0.950000000000084	-9.3e-07
-0.940000000000084	-9.2e-07
-0.930000000000084	-9.2e-07
-0.920000000000084	-9.2e-07
-0.910000000000084	-9.2e-07
-0.900000000000084	-9.1e-07
-0.890000000000084	-9.2e-07
-0.880000000000084	-9.1e-07
-0.870000000000084	-9.1e-07
-0.860000000000084	-9.1e-07
-0.850000000000084	-9.1e-07
-0.840000000000084	-9e-07
-0.830000000000084	-9e-07
-0.820000000000084	-9e-07
-0.810000000000084	-9e-07
-0.800000000000084	-9e-07
-0.790000000000084	-9e-07
-0.780000000000084	-8.9e-07
-0.770000000000084	-9e-07
-0.760000000000084	-8.9e-07
-0.750000000000084	-8.9e-07
-0.740000000000084	-8.9e-07
-0.730000000000084	-8.9e-07
-0.720000000000084	-8.8e-07
-0.710000000000084	-8.8e-07
-0.700000000000084	-8.8e-07
-0.690000000000084	-8.8e-07
-0.680000000000084	-8.8e-07
-0.670000000000084	-8.8e-07
-0.660000000000084	-8.7e-07
-0.650000000000084	-8.7e-07
-0.640000000000084	-8.7e-07
-0.630000000000084	-8.7e-07
-0.620000000000084	-8.7e-07
-0.610000000000084	-8.6e-07
-0.600000000000084	-8.6e-07
-0.590000000000084	-8.6e-07
-0.580000000000084	-8.6e-07
-0.570000000000084	-8.6e-07
-0.560000000000084	-8.5e-07
-0.550000000000084	-8.5e-07
-0.540000000000084	-8.5e-07
-0.530000000000084	-8.5e-07
-0.520000000000084	-8.4e-07
-0.510000000000084	-8.4e-07
-0.500000000000084	-8.4e-07
-0.490000000000084	-8.4e-07
-0.480000000000084	-8.4e-07
-0.470000000000084	-8.3e-07
-0.460000000000084	-8.3e-07
-0.450000000000084	-8.3e-07
-0.440000000000084	-8.3e-07
-0.430000000000084	-8.2e-07
-0.420000000000084	-8.2e-07
-0.410000000000084	-8.2e-07
-0.400000000000084	-8.2e-07
-0.390000000000084	-8.2e-07
-0.380000000000084	-8.1e-07
-0.370000000000084	-8.1e-07
-0.360000000000084	-8.1e-07
-0.350000000000084	-8.1e-07
-0.340000000000084	-8.1e-07
-0.330000000000084	-8e-07
-0.320000000000084	-8e-07
-0.310000000000084	-8e-07
-0.300000000000084	-7.9e-07
-0.290000000000084	-7.9e-07
-0.280000000000084	-7.9e-07
-0.270000000000084	-7.9e-07
-0.260000000000084	-7.8e-07
-0.250000000000084	-7.9e-07
-0.240000000000084	-7.8e-07
-0.230000000000084	-7.8e-07
-0.220000000000084	-7.8e-07
-0.210000000000084	-7.7e-07
-0.200000000000084	-7.7e-07
-0.190000000000084	-7.7e-07
-0.180000000000084	-7.6e-07
-0.170000000000084	-7.6e-07
-0.160000000000084	-7.6e-07
-0.150000000000084	-7.5e-07
-0.140000000000084	-7.5e-07
-0.130000000000084	-7.4e-07
-0.120000000000084	-7.3e-07
-0.110000000000084	-7.3e-07
-0.100000000000084	-7.2e-07
-0.0900000000000836	-7e-07
-0.0800000000000836	-6.8e-07
-0.0700000000000836	-6.6e-07
-0.0600000000000836	-6.2e-07
-0.0500000000000836	-5.8e-07
-0.0400000000000836	-5.1e-07
-0.0300000000000836	-3.7e-07
-0.0200000000000836	-2.2e-07
-0.0100000000000836	3e-08
-8.3624079882938e-14	3.5e-07
0.00999999999991638	8.3e-07
0.0199999999999164	1.57e-06
0.0299999999999164	2.51e-06
0.0399999999999164	4.3e-06
0.0499999999999164	6.45e-06
0.0599999999999164	9.69e-06
0.0699999999999164	1.446e-05
0.0799999999999164	2.09e-05
0.0899999999999164	3e-05
0.0999999999999164	4.51e-05
0.109999999999916	7.37e-05
0.119999999999916	0.0001065
0.129999999999916	0.00015
0.139999999999916	0.000217
0.149999999999916	0.000302
0.159999999999916	0.000433
0.169999999999916	0.000703
0.179999999999916	0.00101
0.189999999999916	0.001435
0.199999999999916	0.00198
0.209999999999916	0.00283
0.219999999999916	0.00411
0.229999999999916	0.00577
0.239999999999916	0.00899
0.249999999999916	0.01212
