U[V]          I[A]
-0.1          -0.01253 
-0.09         -2.46727716727715E-03 
-0.08         -2.3346398046398E-03 
-0.07         -2.3346398046398E-03 
-0.06         -2.3285347985348E-03 
-0.05         -2.3285347985348E-03 
-0.04         -2.32242979242979E-03 
-0.03         -2.32242979242979E-03 
-0.02         -2.31632478632479E-03 
-0.01         -2.31632478632479E-03 
-1.04083408558608E-17       -2.31021978021978E-03 
 9.99999999999999E-03       -2.31021978021978E-03 
 0.02         -2.30411477411477E-03 
 0.03         -2.30411477411477E-03 
 0.04         -2.29800976800977E-03 
 0.05         -2.29190476190476E-03 
 0.06         -2.28579975579976E-03 
 0.07         -2.27969474969475E-03 
 0.08         -2.27358974358974E-03 
 0.09         -2.26748473748474E-03 
 0.1          -2.26137973137973E-03 
 0.11         -2.25527472527473E-03 
 0.12         -2.24916971916972E-03 
 0.13         -2.23695970695971E-03 
 0.14         -2.22474969474969E-03 
 0.15         -2.21253968253968E-03 
 0.16         -2.20032967032967E-03 
 0.17         -2.18811965811966E-03 
 0.18         -2.16369963369963E-03 
 0.19         -2.15148962148962E-03 
 0.2          -2.1270695970696E-03 
 0.21         -2.11485958485958E-03 
 0.22         -2.07822954822955E-03 
 0.23         -2.04770451770452E-03 
 0.24         -2.01717948717949E-03 
 0.25         -1.98665445665446E-03 
 0.26         -1.94391941391941E-03 
 0.27         -1.89507936507936E-03 
 0.28         -1.84623931623932E-03 
 0.29         -1.80350427350427E-03 
 0.3          -1.74245421245421E-03 
 0.31         -1.68140415140415E-03 
 0.32         -1.62035409035409E-03 
 0.33         -1.54709401709402E-03 
 0.34         -1.45551892551892E-03 
 0.35         -1.38225885225885E-03 
 0.36         -1.30289377289377E-03 
 0.37         -1.21131868131868E-03 
 0.38         -1.09532356532356E-03 
 0.39         -1.00553178330956E-03 
 0.4          -8.82698327142771E-04 
 0.41         -7.7453155230933E-04 
 0.42         -6.34586967920301E-04 
 0.43         -5.16642405531294E-04 
 0.44         -3.92586725920059E-04 
 0.45         -2.59975482197704E-04 
 0.46         -7.96975241419684E-05 
 0.47          4.78858589969701E-05 
 0.48          1.97747197747198E-04 
 0.49          3.90858501969613E-04 
 0.5           5.43636432525322E-04 
 0.51          7.68525546303324E-04 
 0.52          9.27414594081261E-04 
 0.53          1.12689865689866E-03 
 0.54          1.34057387057387E-03 
 0.55          1.62140415140415E-03 
 0.56          1.84728937728938E-03 
 0.57          2.07927960927961E-03 
 0.58          2.34179487179487E-03 
 0.59          2.65925518925519E-03 
 0.6           2.9706105006105E-03 
 0.61          3.29417582417582E-03 
 0.62          3.68489621489622E-03 
 0.63          4.11224664224664E-03 
 0.64          4.50907203907204E-03 
 0.65          4.94252747252747E-03 
 0.66          5.43703296703297E-03 
 0.67          6.02311355311356E-03 
 0.68          6.60919413919414E-03 
 0.69          7.23800976800977E-03 
 0.7           7.89735042735043E-03 
 0.71          8.80089133089133E-03 
 0.72          9.47854700854701E-03 
 0.73          0.010455347985348 
 0.74          1.12689865689866E-02 
 0.75          1.23678876678877E-02 
 0.76          1.34667887667888E-02 
 0.77          1.45046398046398E-02 
 0.78          1.56035409035409E-02 
 0.79          1.70687423687424E-02 
 0.8           1.84118437118437E-02 
 0.810000000000001           1.95717948717949E-02 
 0.820000000000001           2.09759462759463E-02 
 0.830000000000001           2.25632478632479E-02 
 0.840000000000001           2.40894993894994E-02 
