U[V]          I[A]
-0.1          -2.35905982905983E-03 
-0.09         -2.35905982905983E-03 
-0.08         -2.35295482295482E-03 
-0.07         -2.35295482295482E-03 
-0.06         -2.35295482295482E-03 
-0.05         -2.34684981684982E-03 
-0.04         -2.34684981684982E-03 
-0.03         -2.34074481074481E-03 
-0.02         -2.34074481074481E-03 
-0.01         -2.3346398046398E-03 
-1.04083408558608E-17       -2.3285347985348E-03 
 9.99999999999999E-03       -2.3285347985348E-03 
 0.02         -2.32242979242979E-03 
 0.03         -2.32242979242979E-03 
 0.04         -2.31632478632479E-03 
 0.05         -2.31632478632479E-03 
 0.06         -2.31021978021978E-03 
 0.07         -2.30411477411477E-03 
 0.08         -2.29800976800977E-03 
 0.09         -2.29190476190476E-03 
 0.1          -2.29190476190476E-03 
 0.11         -2.27969474969475E-03 
 0.12         -2.27358974358974E-03 
 0.13         -2.26748473748474E-03 
 0.14         -2.26137973137973E-03 
 0.15         -2.25527472527473E-03 
 0.16         -2.24306471306471E-03 
 0.17         -2.2308547008547E-03 
 0.18         -2.21864468864469E-03 
 0.19         -2.20643467643467E-03 
 0.2          -2.19422466422466E-03 
 0.21         -2.18201465201465E-03 
 0.22         -2.15759462759463E-03 
 0.23         -2.13927960927961E-03 
 0.24         -2.11485958485958E-03 
 0.25         -2.09043956043956E-03 
 0.26         -2.05991452991453E-03 
 0.27         -2.01717948717949E-03 
 0.28         -1.98665445665446E-03 
 0.29         -1.94391941391941E-03 
 0.3          -1.89507936507936E-03 
 0.31         -1.84623931623932E-03 
 0.32         -1.79739926739927E-03 
 0.33         -1.73634920634921E-03 
 0.34         -1.67529914529915E-03 
 0.35         -1.60203907203907E-03 
 0.36         -1.52267399267399E-03 
 0.37         -1.44941391941392E-03 
 0.38         -1.35783882783883E-03 
 0.39         -1.26015873015873E-03 
 0.4          -1.15637362637363E-03 
 0.41         -1.05869352869353E-03 
 0.42         -9.59087292420626E-04 
 0.43         -8.4786495897607E-04 
 0.44         -7.17698162142607E-04 
 0.45         -5.94864705975817E-04 
 0.46         -4.68975691197913E-04 
 0.47         -3.19253319253319E-04 
 0.48         -1.61586494919828E-04 
 0.49         -2.18419885086552E-05 
 0.5           1.32969355191577E-04 
 0.51          3.10802866358422E-04 
 0.52          4.81303036858593E-04 
 0.53          6.8358101691435E-04 
 0.54          8.79136768025657E-04 
 0.55          1.07102584880363E-03 
 0.56          1.27952380952381E-03 
 0.57          1.53593406593407E-03 
 0.58         -0.01253 
 0.59          0.01247 
 0.6           2.2946275946276E-03 
 0.61          2.59210012210012E-03 
 0.62          2.97671550671551E-03 
 0.63          3.31859584859585E-03 
 0.64          3.6665811965812E-03 
 0.65          4.0634065934066E-03 
 0.66          4.52738705738706E-03 
 0.67          5.01578754578755E-03 
 0.68          5.52250305250305E-03 
 0.69          6.05974358974359E-03 
 0.7           6.6702442002442E-03 
 0.71          7.34179487179487E-03 
 0.72          8.0743956043956E-03 
 0.73          8.89857142857143E-03 
 0.74          9.73495726495727E-03 
 0.75          1.06446031746032E-02 
 0.76          1.15131868131868E-02 
 0.77          1.26120879120879E-02 
 0.78          0.013710989010989 
 0.79          1.51151404151404E-02 
 0.8           1.61529914529915E-02 
 0.810000000000001           1.73739926739927E-02 
 0.820000000000001           1.87781440781441E-02 
 0.830000000000001           2.04875457875458E-02 
 0.840000000000001           0.021708547008547 
 0.850000000000001           2.31126984126984E-02 
 0.860000000000001           0.0247 
