U[V]          I[A]
-0.1          -2.3285347985348E-03 
-0.09         -2.32242979242979E-03 
-0.08         -2.31632478632479E-03 
-0.07         -2.31632478632479E-03 
-0.06         -2.31632478632479E-03 
-0.05         -2.31021978021978E-03 
-0.04         -2.30411477411477E-03 
-0.03         -2.30411477411477E-03 
-0.02         -2.29800976800977E-03 
-0.01         -2.29190476190476E-03 
-1.04083408558608E-17       -2.29190476190476E-03 
 9.99999999999999E-03       -2.28579975579976E-03 
 0.02         -2.27969474969475E-03 
 0.03         -2.27358974358974E-03 
 0.04         -2.26748473748474E-03 
 0.05         -2.26748473748474E-03 
 0.06         -2.25527472527473E-03 
 0.07         -2.25527472527473E-03 
 0.08         -2.24306471306471E-03 
 0.09         -2.23695970695971E-03 
 0.1          -2.22474969474969E-03 
 0.11         -2.21864468864469E-03 
 0.12         -2.20032967032967E-03 
 0.13         -2.18811965811966E-03 
 0.14         -2.17590964590964E-03 
 0.15         -2.15759462759463E-03 
 0.16         -2.13927960927961E-03 
 0.17         -2.12096459096459E-03 
 0.18         -2.09654456654456E-03 
 0.19         -2.07212454212454E-03 
 0.2          -2.04159951159951E-03 
 0.21         -2.01107448107448E-03 
 0.22         -1.98054945054945E-03 
 0.23         -1.94391941391941E-03 
 0.24         -1.89507936507936E-03 
 0.25         -1.85234432234432E-03 
 0.26         -1.79739926739927E-03 
 0.27         -1.74855921855922E-03 
 0.28         -1.67529914529915E-03 
 0.29         -1.62035409035409E-03 
 0.3          -1.55319902319902E-03 
 0.31         -1.47383394383394E-03 
 0.32         -1.39446886446886E-03 
 0.33         -1.30289377289377E-03 
 0.34         -1.22352869352869E-03 
 0.35         -1.13805860805861E-03 
 0.36         -1.02569847014291E-03 
 0.37         -9.08976131198353E-04 
 0.38         -8.02031579809358E-04 
 0.39         -7.03031480809258E-04 
 0.4          -5.56364667475778E-04 
 0.41         -4.4025344025344E-04 
 0.42         -3.08864419975531E-04 
 0.43         -1.71364282475394E-04 
 0.44         -3.2597554819777E-05 
 0.45          1.31136020024909E-04 
 0.46          2.95525073302851E-04 
 0.47          4.51358562469674E-04 
 0.48          6.19414286080953E-04 
 0.49          8.40636729525619E-04 
 0.5           1.01235912347023E-03 
 0.51          1.20626373626374E-03 
 0.52          1.43214896214896E-03 
 0.53          1.6702442002442E-03 
 0.54          1.93886446886447E-03 
 0.55          2.17695970695971E-03 
 0.56          2.40894993894994E-03 
 0.57          2.73862026862027E-03 
 0.58          3.03166056166056E-03 
 0.59          3.34912087912088E-03 
 0.6           3.70931623931624E-03 
 0.61          4.13666666666667E-03 
 0.62          4.53349206349206E-03 
 0.63          4.98526251526252E-03 
 0.64          5.44924297924298E-03 
 0.65          6.02311355311356E-03 
 0.66          6.5725641025641E-03 
 0.67          7.19527472527473E-03 
 0.68          7.83630036630037E-03 
 0.69          8.64826617826618E-03 
 0.7           9.41139194139195E-03 
 0.71          1.01745177045177E-02 
 0.72          1.10858363858364E-02 
 0.73          1.21847374847375E-02 
 0.74          1.32836385836386E-02 
 0.75          1.41383394383394E-02 
 0.76          1.53593406593407E-02 
 0.77          0.016641391941392 
 0.78          1.79844932844933E-02 
 0.79          1.92054945054945E-02 
 0.8           2.07927960927961E-02 
 0.810000000000001           2.21358974358975E-02 
 0.820000000000001           2.36010989010989E-02 
 0.830000000000001           2.48831501831502E-02 
