U[V]          I[A]
-0.1          -2.42010989010989E-03 
-0.09         -2.41400488400488E-03 
-0.08         -2.41400488400488E-03 
-0.07         -2.41400488400488E-03 
-0.06         -2.40789987789988E-03 
-0.05         -2.40789987789988E-03 
-0.04         -2.40179487179487E-03 
-0.03         -2.40179487179487E-03 
-0.02         -2.39568986568987E-03 
-0.01         -2.39568986568987E-03 
-1.04083408558608E-17       -2.38958485958486E-03 
 9.99999999999999E-03       -2.38958485958486E-03 
 0.02         -2.38347985347985E-03 
 0.03         -2.38347985347985E-03 
 0.04         -2.38347985347985E-03 
 0.05         -2.37126984126984E-03 
 0.06         -2.37126984126984E-03 
 0.07         -2.36516483516483E-03 
 0.08         -2.36516483516483E-03 
 0.09         -2.35905982905983E-03 
 0.1          -2.35905982905983E-03 
 0.11         -2.35295482295482E-03 
 0.12         -2.35295482295482E-03 
 0.13         -2.34684981684982E-03 
 0.14         -2.34074481074481E-03 
 0.15         -2.34074481074481E-03 
 0.16         -2.3285347985348E-03 
 0.17         -2.32242979242979E-03 
 0.18         -2.32242979242979E-03 
 0.19         -2.31632478632479E-03 
 0.2          -2.31021978021978E-03 
 0.21         -2.30411477411477E-03 
 0.22         -2.29800976800977E-03 
 0.23         -2.29190476190476E-03 
 0.24         -2.27969474969475E-03 
 0.25         -2.26748473748474E-03 
 0.26         -2.25527472527473E-03 
 0.27         -2.24916971916972E-03 
 0.28         -2.2308547008547E-03 
 0.29         -2.21253968253968E-03 
 0.3          -2.19422466422466E-03 
 0.31         -2.18201465201465E-03 
 0.32         -2.15759462759463E-03 
 0.33         -2.1331746031746E-03 
 0.34         -2.09654456654456E-03 
 0.35         -2.06601953601953E-03 
 0.36         -2.0354945054945E-03 
 0.37         -1.99275946275946E-03 
 0.38         -1.93781440781441E-03 
 0.39         -1.89507936507936E-03 
 0.4          -1.84013431013431E-03 
 0.41         -1.77297924297924E-03 
 0.42         -1.69361416361416E-03 
 0.43         -1.6325641025641E-03 
 0.44         -1.54709401709402E-03 
 0.45         -1.46772893772894E-03 
 0.46         -1.37004884004884E-03 
 0.47         -1.27847374847375E-03 
 0.48         -1.17468864468864E-03 
 0.49         -1.05869352869353E-03 
 0.5          -9.35865046976158E-04 
 0.51         -8.00809356364912E-04 
 0.52         -6.89587022920356E-04 
 0.53         -5.49031326809104E-04 
 0.54         -3.86475608697831E-04 
 0.55         -2.45919912586579E-04 
 0.56         -9.2119836564281E-05 
 0.57          7.7402555180333E-05 
 0.58          2.47247247247247E-04 
 0.59          4.55636344525233E-04 
 0.6           6.6402544180322E-04 
 0.61          8.4735895847007E-04 
 0.62          1.08447030669253E-03 
 0.63          1.30394383394383E-03 
 0.64          1.61529914529915E-03 
 0.65          1.85339438339438E-03 
 0.66          2.11590964590965E-03 
 0.67          2.45168498168498E-03 
 0.68          2.84851037851038E-03 
 0.69          3.15986568986569E-03 
 0.7           3.58721611721612E-03 
 0.71          3.97793650793651E-03 
 0.72          4.51517704517705E-03 
 0.73          5.03410256410257E-03 
 0.74          5.58355311355311E-03 
 0.75          6.21236874236874E-03 
 0.76          6.98159951159951E-03 
 0.77          7.6714652014652E-03 
 0.78          8.48343101343101E-03 
 0.79          9.41749694749695E-03 
 0.8           0.010461452991453 
 0.810000000000001           1.13300366300366E-02 
 0.820000000000001           1.24899877899878E-02 
 0.830000000000001           0.013649938949939 
 0.840000000000001           1.51761904761905E-02 
 0.850000000000001           1.62750915750916E-02 
 0.860000000000001           1.76181929181929E-02 
 0.870000000000001           1.90223443223443E-02 
 0.880000000000001           2.07927960927961E-02 
 0.890000000000001           2.21969474969475E-02 
