U[V]          I[A]
-0.1          -2.38347985347985E-03 
-0.09         -2.37737484737485E-03 
-0.08         -2.37737484737485E-03 
-0.07         -2.37126984126984E-03 
-0.06         -2.35905982905983E-03 
-0.05         -2.36516483516483E-03 
-0.04         -2.35905982905983E-03 
-0.03         -2.35905982905983E-03 
-0.02         -2.35905982905983E-03 
-0.01         -2.35295482295482E-03 
-1.04083408558608E-17       -2.35295482295482E-03 
 9.99999999999999E-03       -2.34684981684982E-03 
 0.02         -2.34074481074481E-03 
 0.03         -2.34074481074481E-03 
 0.04         -2.34074481074481E-03 
 0.05         -2.3346398046398E-03 
 0.06         -2.3285347985348E-03 
 0.07         -2.32242979242979E-03 
 0.08         -2.32242979242979E-03 
 0.09         -2.31632478632479E-03 
 0.1          -2.31632478632479E-03 
 0.11         -2.31021978021978E-03 
 0.12         -2.30411477411477E-03 
 0.13         -2.29800976800977E-03 
 0.14         -2.29190476190476E-03 
 0.15         -2.28579975579976E-03 
 0.16         -2.27969474969475E-03 
 0.17         -2.26748473748474E-03 
 0.18         -2.26137973137973E-03 
 0.19         -2.24916971916972E-03 
 0.2          -2.24306471306471E-03 
 0.21         -2.2308547008547E-03 
 0.22         -2.21253968253968E-03 
 0.23         -2.19422466422466E-03 
 0.24         -2.18201465201465E-03 
 0.25         -2.16369963369963E-03 
 0.26         -2.14538461538461E-03 
 0.27         -2.10875457875458E-03 
 0.28         -2.09043956043956E-03 
 0.29         -2.05991452991453E-03 
 0.3          -2.02328449328449E-03 
 0.31         -1.98665445665446E-03 
 0.32         -1.94391941391941E-03 
 0.33         -1.89507936507936E-03 
 0.34         -1.84623931623932E-03 
 0.35         -1.77297924297924E-03 
 0.36         -1.71803418803419E-03 
 0.37         -1.65087912087912E-03 
 0.38         -1.57761904761905E-03 
 0.39         -1.49214896214896E-03 
 0.4          -1.41278388278388E-03 
 0.41         -1.3334188034188E-03 
 0.42         -1.2296336996337E-03 
 0.43         -1.11974358974359E-03 
 0.44         -1.01775401775402E-03 
 0.45         -9.08365019476131E-04 
 0.46         -7.76364887475998E-04 
 0.47         -6.57198101642546E-04 
 0.48         -5.1786462897574E-04 
 0.49         -3.74864485975597E-04 
 0.5          -2.34919901586568E-04 
 0.51         -9.9453177230955E-05 
 0.52          8.41858952970064E-05 
 0.53          2.45413912080579E-04 
 0.54          4.29358540469652E-04 
 0.55          6.02914269580936E-04 
 0.56          7.96636685525574E-04 
 0.57          1.02458135791469E-03 
 0.58          1.23068376068376E-03 
 0.59          1.46267399267399E-03 
 0.6           1.72518925518926E-03 
 0.61          2.01212454212454E-03 
 0.62          2.27463980463981E-03 
 0.63          2.59820512820513E-03 
 0.64          2.92787545787546E-03 
 0.65          3.31859584859585E-03 
 0.66          3.67879120879121E-03 
 0.67          4.08172161172161E-03 
 0.68          4.50296703296703E-03 
 0.69          5.05241758241758E-03 
 0.7           5.52250305250305E-03 
 0.71          6.10858363858364E-03 
 0.72          6.74960927960928E-03 
 0.73          7.50663003663004E-03 
 0.74          8.22091575091575E-03 
 0.75          9.04509157509158E-03 
 0.76          9.89979242979243E-03 
 0.77          1.09925885225885E-02 
 0.78          1.20626373626374E-02 
 0.79          1.29783882783883E-02 
 0.8           1.40772893772894E-02 
 0.810000000000001           1.53593406593407E-02 
 0.820000000000001           1.68245421245421E-02 
 0.830000000000001           1.80455433455434E-02 
 0.840000000000001           1.92665445665446E-02 
 0.850000000000001           2.07927960927961E-02 
 0.860000000000001           0.022685347985348 
 0.870000000000001           2.39673992673993E-02 
