U[V]          I[A]
-0.1          -2.4262148962149E-03 
-0.09         -2.42010989010989E-03 
-0.08         -2.42010989010989E-03 
-0.07         -2.42010989010989E-03 
-0.06         -2.41400488400488E-03 
-0.05         -2.41400488400488E-03 
-0.04         -2.41400488400488E-03 
-0.03         -2.40789987789988E-03 
-0.02         -2.40179487179487E-03 
-0.01         -2.40179487179487E-03 
-1.04083408558608E-17       -2.40179487179487E-03 
 9.99999999999999E-03       -2.39568986568987E-03 
 0.02         -2.39568986568987E-03 
 0.03         -2.39568986568987E-03 
 0.04         -2.38958485958486E-03 
 0.05         -2.38347985347985E-03 
 0.06         -2.38347985347985E-03 
 0.07         -2.37737484737485E-03 
 0.08         -2.37126984126984E-03 
 0.09         -2.37126984126984E-03 
 0.1          -2.36516483516483E-03 
 0.11         -2.36516483516483E-03 
 0.12         -2.35905982905983E-03 
 0.13         -2.35905982905983E-03 
 0.14         -2.35295482295482E-03 
 0.15         -2.34684981684982E-03 
 0.16         -2.34684981684982E-03 
 0.17         -2.34074481074481E-03 
 0.18         -2.3346398046398E-03 
 0.19         -2.3285347985348E-03 
 0.2          -2.3285347985348E-03 
 0.21         -2.32242979242979E-03 
 0.22         -2.31021978021978E-03 
 0.23         -2.31021978021978E-03 
 0.24         -2.30411477411477E-03 
 0.25         -2.29800976800977E-03 
 0.26         -2.28579975579976E-03 
 0.27         -2.27969474969475E-03 
 0.28         -2.26748473748474E-03 
 0.29         -2.26137973137973E-03 
 0.3          -2.24306471306471E-03 
 0.31         -2.23695970695971E-03 
 0.32         -2.21864468864469E-03 
 0.33         -2.20032967032967E-03 
 0.34         -2.18201465201465E-03 
 0.35         -2.16369963369963E-03 
 0.36         -2.1331746031746E-03 
 0.37         -2.10875457875458E-03 
 0.38         -2.06601953601953E-03 
 0.39         -2.0354945054945E-03 
 0.4          -1.99275946275946E-03 
 0.41         -1.94391941391941E-03 
 0.42         -1.89507936507936E-03 
 0.43         -1.84013431013431E-03 
 0.44         -1.77297924297924E-03 
 0.45         -1.69971916971917E-03 
 0.46         -1.62035409035409E-03 
 0.47         -1.54709401709402E-03 
 0.48         -1.44941391941392E-03 
 0.49         -1.36394383394383E-03 
 0.5          -1.25405372405372E-03 
 0.51         -1.15637362637363E-03 
 0.52         -1.0342735042735E-03 
 0.53         -9.2119836564281E-04 
 0.54         -7.80031557809336E-04 
 0.55         -6.29086962420296E-04 
 0.56         -5.11142400031289E-04 
 0.57         -3.47364458475569E-04 
 0.58         -1.92753192753193E-04 
 0.59         -3.17419984086651E-05 
 0.6           1.37247137247137E-04 
 0.61          3.41358452469564E-04 
 0.62          5.43636432525322E-04 
 0.63          7.47747747747748E-04 
 0.64          9.72636861525751E-04 
 0.65          1.18794871794872E-03 
 0.66          1.43825396825397E-03 
 0.67          1.73129426129426E-03 
 0.68          2.01212454212454E-03 
 0.69          2.31737484737485E-03 
 0.7           2.64704517704518E-03 
 0.71          3.04997557997558E-03 
 0.72          0.003471221001221 
 0.73          3.90467643467644E-03 
 0.74          4.41749694749695E-03 
 0.75          5.01578754578755E-03 
 0.76          5.5713431013431E-03 
 0.77          6.18794871794872E-03 
 0.78          6.89612942612943E-03 
 0.79          7.73862026862027E-03 
 0.8           8.6726862026862E-03 
 0.810000000000001           0.009466336996337 
 0.820000000000001           0.010485873015873 
 0.830000000000001           1.15131868131868E-02 
 0.840000000000001           1.29173382173382E-02 
 0.850000000000001           1.40772893772894E-02 
 0.860000000000001           1.52372405372405E-02 
 0.870000000000001           1.68245421245421E-02 
 0.880000000000001           1.84728937728938E-02 
 0.890000000000001           1.96328449328449E-02 
