Lambda        Strumieñ
 480           1360 
 482           1504 
 484           1728 
 487           1952 
 489           2224 
 491           2960 
 493           12624 
 495           87020 
 497           360240 
 499           1002510 
 502           2005020 
 504           3403740 
 506           4872020 
 508           6106710 
 510           6974330 
 512           7541620 
 514           8075540 
 517           8576090 
 519           8876420 
 521           9210120 
 523           9643930 
 525           9844150 
 527           10077740 
 530           10411440 
 532           10678400 
 534           10845250 
 536           10945360 
 538           11245690 
 540           11512650 
 542           11546020 
 544           11712870 
 547           11913090 
 549           11913090 
 551           12013200 
 553           12213420 
 555           12046570 
 558           12246790 
 560           12213420 
 562           12213420 
 564           12246790 
 566           12046570 
 568           12113310 
 571           11979830 
 573           11879720 
 575           11879720 
 577           11612760 
 579           11512650 
 581           11445910 
 583           11279060 
 585           11112210 
 588           10845250 
