Lambda        Strumieñ
 480           978810 
 483           1066500 
 485           1161300 
 487           1251360 
 489           1355640 
 491           1443330 
 493           1540500 
 495           1618710 
 497           1715880 
 500           1791720 
 502           1879410 
 504           1971840 
 506           2045310 
 508           2161440 
 510           2289420 
 513           2436010 
 515           2769710 
 517           3136780 
 519           3570590 
 521           4204620 
 524           4705170 
 525           5506050 
 527           6106710 
 530           6674000 
 532           7241290 
 534           7541620 
 536           8075540 
 539           8309130 
 541           8642830 
 543           8676200 
 545           8943160 
 547           8876420 
 549           9076640 
 551           9009900 
 554           9143380 
 556           8976530 
 558           9110010 
 560           9076640 
 562           8943160 
 564           9009900 
 567           8876420 
 569           8843050 
 571           8809680 
 573           8609460 
 575           8609460 
 577           8509350 
 579           8309130 
 582           8275760 
 584           8008800 
 586           8008800 
 588           7841950 
