Lambda        Strumieñ
 480           9143380 
 482           9910890 
 484           10878620 
 487           11913090 
 489           12947560 
 491           13948660 
 493           14716170 
 495           15617160 
 497           16551520 
 499           17519250 
 502           18220020 
 504           18854050 
 506           19521450 
 508           20255590 
 510           20989730 
 512           21623760 
 514           22057570 
 516           22458010 
 519           22991930 
 521           23559220 
 523           23692700 
 525           24326730 
 527           24493580 
 530           24727170 
 532           25327830 
 534           25361200 
 536           25594790 
 538           25928490 
 540           25828380 
 542           26295560 
 544           26195450 
 547           26262190 
 549           26629260 
 551           26395670 
 553           26562520 
 555           26729370 
 558           26362300 
 560           26462410 
 562           26362300 
 564           26028600 
 566           26195450 
 568           25728270 
 571           25561420 
 573           25361200 
 575           24760540 
 577           24760540 
 579           24093140 
 581           23826180 
 583           23659330 
 585           22991930 
 588           22758340 
